        Step          Time          Mass    Momentum_x    Momentum_y    Momentum_z       Kinetic             f
           0   0.00000E+00   4.91589E+03   9.21485E-15  -4.44089E-15   0.00000E+00   1.00000E+00   0.00000E+00
           1   1.00000E-01   4.91589E+03   4.13558E-15  -5.32907E-15   0.00000E+00   9.94390E-01   4.43119E-02
           2   2.00000E-01   4.91589E+03   1.03806E-14  -6.21725E-15   0.00000E+00   9.90341E-01   8.67795E-02
           3   3.00000E-01   4.91589E+03   1.79301E-14  -1.24345E-14   0.00000E+00   9.86412E-01   1.28465E-01
           4   4.00000E-01   4.91589E+03   2.17049E-14  -1.42109E-14   0.00000E+00   9.82686E-01   1.69403E-01
           5   5.00000E-01   4.91589E+03   3.03091E-14  -1.77636E-14   0.00000E+00   9.78935E-01   2.09610E-01
           6   6.00000E-01   4.91589E+03   4.06342E-14  -3.19744E-14   0.00000E+00   9.75238E-01   2.49110E-01
           7   7.00000E-01   4.91589E+03   6.03961E-14  -2.30926E-14   0.00000E+00   9.71574E-01   2.87915E-01
           8   8.00000E-01   4.91589E+03   7.26086E-14  -2.22045E-14   0.00000E+00   9.67923E-01   3.26068E-01
           9   9.00000E-01   4.91589E+03   9.13714E-14  -2.66454E-14   0.00000E+00   9.64310E-01   3.63597E-01
          10   1.00000E+00   4.91589E+03   9.39249E-14  -2.57572E-14   0.00000E+00   9.60755E-01   4.00499E-01
          11   1.10000E+00   4.91589E+03   1.06470E-13  -1.24345E-14   0.00000E+00   9.57228E-01   4.36782E-01
          12   1.20000E+00   4.91589E+03   1.14464E-13   7.99361E-15   0.00000E+00   9.53717E-01   4.72502E-01
          13   1.30000E+00   4.91589E+03   1.28897E-13   8.88178E-16   0.00000E+00   9.50239E-01   5.07645E-01
          14   1.40000E+00   4.91589E+03   1.36779E-13   8.88178E-15   0.00000E+00   9.46805E-01   5.42332E-01
          15   1.50000E+00   4.91589E+03   1.36113E-13   1.33227E-14   0.00000E+00   9.43398E-01   5.76455E-01
          16   1.60000E+00   4.91589E+03   1.40554E-13   2.57572E-14   0.00000E+00   9.40018E-01   6.10021E-01
          17   1.70000E+00   4.91589E+03   1.42109E-13   3.28626E-14   0.00000E+00   9.36662E-01   6.43043E-01
          18   1.80000E+00   4.91589E+03   1.42109E-13   4.08562E-14   0.00000E+00   9.33331E-01   6.75530E-01
          19   1.90000E+00   4.91589E+03   1.41553E-13   5.06262E-14   0.00000E+00   9.30025E-01   7.07494E-01
          20   2.00000E+00   4.91589E+03   1.51212E-13   4.08562E-14   0.00000E+00   9.26732E-01   7.38945E-01
          21   2.10000E+00   4.91589E+03   1.56986E-13   4.52971E-14   0.00000E+00   9.23468E-01   7.69890E-01
          22   2.20000E+00   4.91589E+03   1.61648E-13   5.24025E-14   0.00000E+00   9.20228E-01   8.00338E-01
          23   2.30000E+00   4.91589E+03   1.74527E-13   5.68434E-14   0.00000E+00   9.17008E-01   8.30297E-01
          24   2.40000E+00   4.91589E+03   1.78524E-13   6.21725E-14   0.00000E+00   9.13813E-01   8.59777E-01
          25   2.50000E+00   4.91589E+03   1.81188E-13   6.12843E-14   0.00000E+00   9.10633E-01   8.88785E-01
          26   2.60000E+00   4.91589E+03   1.77636E-13   6.83897E-14   0.00000E+00   9.07468E-01   9.17327E-01
          27   2.70000E+00   4.91589E+03   1.73639E-13   7.63833E-14   0.00000E+00   9.04328E-01   9.45475E-01
          28   2.80000E+00   4.91589E+03   1.77636E-13   8.61533E-14   0.00000E+00   9.01204E-01   9.73174E-01
          29   2.90000E+00   4.91589E+03   1.82077E-13   9.50351E-14   0.00000E+00   8.98105E-01   1.00043E+00
          30   3.00000E+00   4.91589E+03   1.78302E-13   9.94760E-14   0.00000E+00   8.95029E-01   1.02726E+00
          31   3.10000E+00   4.91589E+03   1.75193E-13   1.11910E-13   0.00000E+00   8.91979E-01   1.05366E+00
          32   3.20000E+00   4.91589E+03   1.86073E-13   1.17240E-13   0.00000E+00   8.88949E-01   1.07964E+00
          33   3.30000E+00   4.91589E+03   1.89404E-13   1.35891E-13   0.00000E+00   8.85936E-01   1.10521E+00
          34   3.40000E+00   4.91589E+03   1.96954E-13   1.49214E-13   0.00000E+00   8.82965E-01   1.13037E+00
          35   3.50000E+00   4.91589E+03   1.89626E-13   1.73195E-13   0.00000E+00   8.80007E-01   1.15512E+00
          36   3.60000E+00   4.91589E+03   1.87406E-13   1.86517E-13   0.00000E+00   8.77156E-01   1.17979E+00
          37   3.70000E+00   4.91589E+03   1.91847E-13   2.01617E-13   0.00000E+00   8.74319E-01   1.20408E+00
          38   3.80000E+00   4.91589E+03   2.04725E-13   2.08722E-13   0.00000E+00   8.71488E-01   1.22799E+00
          39   3.90000E+00   4.91589E+03   2.10054E-13   2.30926E-13   0.00000E+00   8.68623E-01   1.25155E+00
          40   4.00000E+00   4.91589E+03   2.14939E-13   2.30038E-13   0.00000E+00   8.65765E-01   1.27476E+00
          41   4.10000E+00   4.91589E+03   2.36922E-13   2.24709E-13   0.00000E+00   8.62912E-01   1.29762E+00
          42   4.20000E+00   4.91589E+03   2.44915E-13   2.19380E-13   0.00000E+00   8.60065E-01   1.32015E+00
          43   4.30000E+00   4.91589E+03   2.61124E-13   2.04281E-13   0.00000E+00   8.57176E-01   1.34235E+00
          44   4.40000E+00   4.91589E+03   2.65565E-13   2.02505E-13   0.00000E+00   8.54195E-01   1.36423E+00
          45   4.50000E+00   4.91589E+03   2.80442E-13   1.99840E-13   0.00000E+00   8.51139E-01   1.38579E+00
          46   4.60000E+00   4.91589E+03   2.88436E-13   2.10498E-13   0.00000E+00   8.48010E-01   1.40704E+00
          47   4.70000E+00   4.91589E+03   3.00204E-13   2.23821E-13   0.00000E+00   8.44821E-01   1.42797E+00
          48   4.80000E+00   4.91589E+03   3.06422E-13   2.24709E-13   0.00000E+00   8.41585E-01   1.44858E+00
          49   4.90000E+00   4.91589E+03   3.13971E-13   2.30038E-13   0.00000E+00   8.38314E-01   1.46889E+00
          50   5.00000E+00   4.91589E+03   3.30624E-13   2.28262E-13   0.00000E+00   8.35026E-01   1.48891E+00
          51   5.10000E+00   4.91589E+03   3.39728E-13   2.44249E-13   0.00000E+00   8.31724E-01   1.50863E+00
          52   5.20000E+00   4.91589E+03   3.62821E-13   2.61124E-13   0.00000E+00   8.28408E-01   1.52806E+00
          53   5.30000E+00   4.91589E+03   3.81029E-13   2.70894E-13   0.00000E+00   8.25030E-01   1.54723E+00
          54   5.40000E+00   4.91589E+03   3.99236E-13   2.87770E-13   0.00000E+00   8.21573E-01   1.56614E+00
          55   5.50000E+00   4.91589E+03   4.10783E-13   2.96652E-13   0.00000E+00   8.18158E-01   1.58478E+00
          56   5.60000E+00   4.91589E+03   4.19220E-13   3.14415E-13   0.00000E+00   8.14793E-01   1.60315E+00
          57   5.70000E+00   4.91589E+03   4.23217E-13   3.32179E-13   0.00000E+00   8.11459E-01   1.62126E+00
          58   5.80000E+00   4.91589E+03   4.30767E-13   3.46390E-13   0.00000E+00   8.08197E-01   1.63912E+00
          59   5.90000E+00   4.91589E+03   4.40092E-13   3.64153E-13   0.00000E+00   8.04995E-01   1.65674E+00
          60   6.00000E+00   4.91589E+03   4.45866E-13   3.77476E-13   0.00000E+00   8.01747E-01   1.67411E+00
          61   6.10000E+00   4.91589E+03   4.46754E-13   3.92575E-13   0.00000E+00   7.98634E-01   1.69148E+00
          62   6.20000E+00   4.91589E+03   4.50306E-13   4.11227E-13   0.00000E+00   7.95580E-01   1.70860E+00
          63   6.30000E+00   4.91589E+03   4.54303E-13   4.36096E-13   0.00000E+00   7.92549E-01   1.72548E+00
          64   6.40000E+00   4.91589E+03   4.52083E-13   4.52971E-13   0.00000E+00   7.89576E-01   1.74216E+00
          65   6.50000E+00   4.91589E+03   4.64517E-13   4.68070E-13   0.00000E+00   7.86579E-01   1.75861E+00
          66   6.60000E+00   4.91589E+03   4.73399E-13   4.95604E-13   0.00000E+00   7.83640E-01   1.77485E+00
          67   6.70000E+00   4.91589E+03   4.76508E-13   4.92051E-13   0.00000E+00   7.80752E-01   1.79092E+00
          68   6.80000E+00   4.91589E+03   4.78284E-13   5.16920E-13   0.00000E+00   7.77913E-01   1.80683E+00
          69   6.90000E+00   4.91589E+03   4.83169E-13   5.40012E-13   0.00000E+00   7.75129E-01   1.82256E+00
          70   7.00000E+00   4.91589E+03   4.87166E-13   5.51559E-13   0.00000E+00   7.72396E-01   1.83813E+00
          71   7.10000E+00   4.91589E+03   4.92495E-13   5.63105E-13   0.00000E+00   7.69740E-01   1.85353E+00
          72   7.20000E+00   4.91589E+03   4.92939E-13   5.72875E-13   0.00000E+00   7.67181E-01   1.86880E+00
          73   7.30000E+00   4.91589E+03   4.89386E-13   5.75540E-13   0.00000E+00   7.64681E-01   1.88395E+00
          74   7.40000E+00   4.91589E+03   4.86278E-13   5.72875E-13   0.00000E+00   7.62247E-01   1.89900E+00
          75   7.50000E+00   4.91589E+03   4.83613E-13   5.75540E-13   0.00000E+00   7.59824E-01   1.91396E+00
          76   7.60000E+00   4.91589E+03   4.85390E-13   5.86198E-13   0.00000E+00   7.57466E-01   1.92877E+00
          77   7.70000E+00   4.91589E+03   4.87166E-13   5.86198E-13   0.00000E+00   7.55153E-01   1.94344E+00
          78   7.80000E+00   4.91589E+03   4.80505E-13   5.96856E-13   0.00000E+00   7.52866E-01   1.95800E+00
          79   7.90000E+00   4.91589E+03   4.80949E-13   5.98632E-13   0.00000E+00   7.50609E-01   1.97245E+00
          80   8.00000E+00   4.91589E+03   4.80949E-13   6.04850E-13   0.00000E+00   7.48376E-01   1.98683E+00
          81   8.10000E+00   4.91589E+03   4.78728E-13   6.09290E-13   0.00000E+00   7.46183E-01   2.00125E+00
          82   8.20000E+00   4.91589E+03   4.77396E-13   6.11067E-13   0.00000E+00   7.44024E-01   2.01557E+00
          83   8.30000E+00   4.91589E+03   4.74287E-13   6.14619E-13   0.00000E+00   7.41901E-01   2.02977E+00
          84   8.40000E+00   4.91589E+03   4.72955E-13   6.16396E-13   0.00000E+00   7.39815E-01   2.04387E+00
          85   8.50000E+00   4.91589E+03   4.71623E-13   6.24389E-13   0.00000E+00   7.37757E-01   2.05785E+00
          86   8.60000E+00   4.91589E+03   4.64961E-13   6.16396E-13   0.00000E+00   7.35727E-01   2.07172E+00
          87   8.70000E+00   4.91589E+03   4.72955E-13   6.15508E-13   0.00000E+00   7.33721E-01   2.08548E+00
          88   8.80000E+00   4.91589E+03   4.73399E-13   6.12843E-13   0.00000E+00   7.31742E-01   2.09914E+00
          89   8.90000E+00   4.91589E+03   4.66738E-13   6.17284E-13   0.00000E+00   7.29797E-01   2.11287E+00
          90   9.00000E+00   4.91589E+03   4.64517E-13   6.16396E-13   0.00000E+00   7.27878E-01   2.12656E+00
          91   9.10000E+00   4.91589E+03   4.61853E-13   6.11067E-13   0.00000E+00   7.25981E-01   2.14024E+00
          92   9.20000E+00   4.91589E+03   4.56968E-13   6.16396E-13   0.00000E+00   7.24222E-01   2.15414E+00
          93   9.30000E+00   4.91589E+03   4.54303E-13   6.17284E-13   0.00000E+00   7.22489E-01   2.16803E+00
          94   9.40000E+00   4.91589E+03   4.49418E-13   6.19060E-13   0.00000E+00   7.20788E-01   2.18195E+00
          95   9.50000E+00   4.91589E+03   4.43201E-13   6.15508E-13   0.00000E+00   7.19100E-01   2.19581E+00
          96   9.60000E+00   4.91589E+03   4.37428E-13   6.15508E-13   0.00000E+00   7.17417E-01   2.20982E+00
          97   9.70000E+00   4.91589E+03   4.27658E-13   6.14619E-13   0.00000E+00   7.15732E-01   2.22383E+00
          98   9.80000E+00   4.91589E+03   4.20997E-13   6.15508E-13   0.00000E+00   7.14054E-01   2.23784E+00
          99   9.90000E+00   4.91589E+03   4.16112E-13   6.06626E-13   0.00000E+00   7.12382E-01   2.25182E+00
         100   1.00000E+01   4.91589E+03   4.12115E-13   6.07514E-13   0.00000E+00   7.10768E-01   2.26583E+00
         101   1.01000E+01   4.91589E+03   4.14779E-13   6.08402E-13   0.00000E+00   7.09164E-01   2.27992E+00
         102   1.02000E+01   4.91589E+03   4.19220E-13   6.04850E-13   0.00000E+00   7.07576E-01   2.29396E+00
         103   1.03000E+01   4.91589E+03   4.12115E-13   6.08402E-13   0.00000E+00   7.05986E-01   2.30795E+00
         104   1.04000E+01   4.91589E+03   3.99680E-13   6.05738E-13   0.00000E+00   7.04413E-01   2.32188E+00
         105   1.05000E+01   4.91589E+03   3.93907E-13   6.06626E-13   0.00000E+00   7.02858E-01   2.33577E+00
         106   1.06000E+01   4.91589E+03   3.95239E-13   6.11067E-13   0.00000E+00   7.01321E-01   2.34962E+00
         107   1.07000E+01   4.91589E+03   3.90354E-13   6.14619E-13   0.00000E+00   6.99808E-01   2.36340E+00
         108   1.08000E+01   4.91589E+03   3.91243E-13   6.18172E-13   0.00000E+00   6.98310E-01   2.37716E+00
         109   1.09000E+01   4.91589E+03   3.94795E-13   6.16396E-13   0.00000E+00   6.96824E-01   2.39087E+00
         110   1.10000E+01   4.91589E+03   3.93907E-13   6.23501E-13   0.00000E+00   6.95348E-01   2.40454E+00
         111   1.11000E+01   4.91589E+03   3.96572E-13   6.34159E-13   0.00000E+00   6.93880E-01   2.41814E+00
         112   1.12000E+01   4.91589E+03   4.01457E-13   6.40377E-13   0.00000E+00   6.92428E-01   2.43171E+00
         113   1.13000E+01   4.91589E+03   4.09006E-13   6.44818E-13   0.00000E+00   6.90988E-01   2.44534E+00
         114   1.14000E+01   4.91589E+03   4.16112E-13   6.51923E-13   0.00000E+00   6.89562E-01   2.45893E+00
         115   1.15000E+01   4.91589E+03   4.29434E-13   6.70575E-13   0.00000E+00   6.88106E-01   2.47234E+00
         116   1.16000E+01   4.91589E+03   4.41425E-13   6.86562E-13   0.00000E+00   6.86671E-01   2.48566E+00
         117   1.17000E+01   4.91589E+03   4.50751E-13   6.97220E-13   0.00000E+00   6.85244E-01   2.49890E+00
         118   1.18000E+01   4.91589E+03   4.61409E-13   7.13207E-13   0.00000E+00   6.83828E-01   2.51214E+00
         119   1.19000E+01   4.91589E+03   4.64517E-13   7.25642E-13   0.00000E+00   6.82429E-01   2.52534E+00
         120   1.20000E+01   4.91589E+03   4.65405E-13   7.25642E-13   0.00000E+00   6.81069E-01   2.53850E+00
         121   1.21000E+01   4.91589E+03   4.67182E-13   7.43405E-13   0.00000E+00   6.79725E-01   2.55160E+00
         122   1.22000E+01   4.91589E+03   4.61853E-13   7.46070E-13   0.00000E+00   6.78390E-01   2.56468E+00
         123   1.23000E+01   4.91589E+03   4.61853E-13   7.49623E-13   0.00000E+00   6.77041E-01   2.57771E+00
         124   1.24000E+01   4.91589E+03   4.59632E-13   7.46958E-13   0.00000E+00   6.75719E-01   2.59068E+00
         125   1.25000E+01   4.91589E+03   4.62297E-13   7.45182E-13   0.00000E+00   6.74416E-01   2.60360E+00
         126   1.26000E+01   4.91589E+03   4.61409E-13   7.42517E-13   0.00000E+00   6.73103E-01   2.61649E+00
         127   1.27000E+01   4.91589E+03   4.63185E-13   7.48734E-13   0.00000E+00   6.71785E-01   2.62936E+00
         128   1.28000E+01   4.91589E+03   4.60965E-13   7.50511E-13   0.00000E+00   6.70511E-01   2.64223E+00
         129   1.29000E+01   4.91589E+03   4.59188E-13   7.57616E-13   0.00000E+00   6.69248E-01   2.65505E+00
         130   1.30000E+01   4.91589E+03   4.57412E-13   7.64722E-13   0.00000E+00   6.67820E-01   2.66783E+00
         131   1.31000E+01   4.91589E+03   4.58300E-13   7.73603E-13   0.00000E+00   6.66405E-01   2.68045E+00
         132   1.32000E+01   4.91589E+03   4.64073E-13   7.66498E-13   0.00000E+00   6.65004E-01   2.69305E+00
         133   1.33000E+01   4.91589E+03   4.65850E-13   7.68274E-13   0.00000E+00   6.63609E-01   2.70557E+00
         134   1.34000E+01   4.91589E+03   4.72955E-13   7.71827E-13   0.00000E+00   6.62211E-01   2.71807E+00
         135   1.35000E+01   4.91589E+03   4.72067E-13   7.70939E-13   0.00000E+00   6.60842E-01   2.73056E+00
         136   1.36000E+01   4.91589E+03   4.70735E-13   7.76268E-13   0.00000E+00   6.59487E-01   2.74302E+00
         137   1.37000E+01   4.91589E+03   4.74287E-13   7.76268E-13   0.00000E+00   6.58081E-01   2.75552E+00
         138   1.38000E+01   4.91589E+03   4.72955E-13   7.77156E-13   0.00000E+00   6.56695E-01   2.76814E+00
         139   1.39000E+01   4.91589E+03   4.66738E-13   7.76268E-13   0.00000E+00   6.55288E-01   2.78091E+00
         140   1.40000E+01   4.91589E+03   4.63185E-13   7.84262E-13   0.00000E+00   6.53906E-01   2.79374E+00
         141   1.41000E+01   4.91589E+03   4.55636E-13   7.84262E-13   0.00000E+00   6.52545E-01   2.80687E+00
         142   1.42000E+01   4.91589E+03   4.42757E-13   7.88702E-13   0.00000E+00   6.51179E-01   2.82000E+00
         143   1.43000E+01   4.91589E+03   4.34763E-13   7.96696E-13   0.00000E+00   6.49831E-01   2.83315E+00
         144   1.44000E+01   4.91589E+03   4.27214E-13   8.08242E-13   0.00000E+00   6.48483E-01   2.84653E+00
         145   1.45000E+01   4.91589E+03   4.16112E-13   8.15348E-13   0.00000E+00   6.47159E-01   2.85991E+00
         146   1.46000E+01   4.91589E+03   4.07674E-13   8.23341E-13   0.00000E+00   6.45833E-01   2.87333E+00
         147   1.47000E+01   4.91589E+03   3.96128E-13   8.39329E-13   0.00000E+00   6.44535E-01   2.88694E+00
         148   1.48000E+01   4.91589E+03   4.01013E-13   8.47322E-13   0.00000E+00   6.43236E-01   2.90056E+00
         149   1.49000E+01   4.91589E+03   3.96128E-13   8.60645E-13   0.00000E+00   6.41960E-01   2.91419E+00
         150   1.50000E+01   4.91589E+03   3.88134E-13   8.69527E-13   0.00000E+00   6.40680E-01   2.92789E+00
         151   1.51000E+01   4.91589E+03   3.83693E-13   8.79297E-13   0.00000E+00   6.39416E-01   2.94160E+00
         152   1.52000E+01   4.91589E+03   3.80140E-13   8.80185E-13   0.00000E+00   6.38152E-01   2.95530E+00
         153   1.53000E+01   4.91589E+03   3.73923E-13   8.89067E-13   0.00000E+00   6.36911E-01   2.96895E+00
         154   1.54000E+01   4.91589E+03   3.68594E-13   9.12159E-13   0.00000E+00   6.35671E-01   2.98264E+00
         155   1.55000E+01   4.91589E+03   3.52607E-13   9.27258E-13   0.00000E+00   6.34454E-01   2.99630E+00
         156   1.56000E+01   4.91589E+03   3.47278E-13   9.34364E-13   0.00000E+00   6.33228E-01   3.00998E+00
         157   1.57000E+01   4.91589E+03   3.38396E-13   9.49463E-13   0.00000E+00   6.32018E-01   3.02361E+00
         158   1.58000E+01   4.91589E+03   3.32623E-13   9.69891E-13   0.00000E+00   6.30816E-01   3.03749E+00
         159   1.59000E+01   4.91589E+03   3.27294E-13   9.83214E-13   0.00000E+00   6.29636E-01   3.05132E+00
         160   1.60000E+01   4.91589E+03   3.22409E-13   9.97424E-13   0.00000E+00   6.28453E-01   3.06511E+00
         161   1.61000E+01   4.91589E+03   3.13527E-13   1.01696E-12   0.00000E+00   6.27291E-01   3.07893E+00
         162   1.62000E+01   4.91589E+03   3.07310E-13   1.02851E-12   0.00000E+00   6.26130E-01   3.09279E+00
         163   1.63000E+01   4.91589E+03   3.02869E-13   1.04450E-12   0.00000E+00   6.24981E-01   3.10669E+00
         164   1.64000E+01   4.91589E+03   2.97096E-13   1.06226E-12   0.00000E+00   6.23851E-01   3.12060E+00
         165   1.65000E+01   4.91589E+03   2.93987E-13   1.07114E-12   0.00000E+00   6.22721E-01   3.13450E+00
         166   1.66000E+01   4.91589E+03   2.92655E-13   1.09246E-12   0.00000E+00   6.21624E-01   3.14837E+00
         167   1.67000E+01   4.91589E+03   2.81108E-13   1.10667E-12   0.00000E+00   6.20564E-01   3.16221E+00
         168   1.68000E+01   4.91589E+03   2.74003E-13   1.12710E-12   0.00000E+00   6.19565E-01   3.17613E+00
         169   1.69000E+01   4.91589E+03   2.68674E-13   1.14575E-12   0.00000E+00   6.18604E-01   3.19003E+00
         170   1.70000E+01   4.91589E+03   2.66898E-13   1.16884E-12   0.00000E+00   6.17715E-01   3.20393E+00
         171   1.71000E+01   4.91589E+03   2.65565E-13   1.18927E-12   0.00000E+00   6.16878E-01   3.21787E+00
         172   1.72000E+01   4.91589E+03   2.62457E-13   1.21325E-12   0.00000E+00   6.16064E-01   3.23184E+00
         173   1.73000E+01   4.91589E+03   2.58460E-13   1.23190E-12   0.00000E+00   6.15697E-01   3.24583E+00
         174   1.74000E+01   4.91589E+03   2.54019E-13   1.25677E-12   0.00000E+00   6.14882E-01   3.25995E+00
         175   1.75000E+01   4.91589E+03   2.52243E-13   1.27276E-12   0.00000E+00   6.14051E-01   3.27408E+00
         176   1.76000E+01   4.91589E+03   2.47802E-13   1.28608E-12   0.00000E+00   6.13227E-01   3.28824E+00
         177   1.77000E+01   4.91589E+03   2.52243E-13   1.29674E-12   0.00000E+00   6.12350E-01   3.30260E+00
         178   1.78000E+01   4.91589E+03   2.47802E-13   1.30651E-12   0.00000E+00   6.11454E-01   3.31703E+00
         179   1.79000E+01   4.91589E+03   2.46025E-13   1.32161E-12   0.00000E+00   6.10561E-01   3.33146E+00
         180   1.80000E+01   4.91589E+03   2.41585E-13   1.33049E-12   0.00000E+00   6.09658E-01   3.34588E+00
         181   1.81000E+01   4.91589E+03   2.42473E-13   1.33671E-12   0.00000E+00   6.08731E-01   3.36033E+00
         182   1.82000E+01   4.91589E+03   2.29150E-13   1.34737E-12   0.00000E+00   6.07802E-01   3.37477E+00
         183   1.83000E+01   4.91589E+03   2.20268E-13   1.36513E-12   0.00000E+00   6.06831E-01   3.38922E+00
         184   1.84000E+01   4.91589E+03   2.14939E-13   1.37312E-12   0.00000E+00   6.05863E-01   3.40366E+00
         185   1.85000E+01   4.91589E+03   2.00728E-13   1.39000E-12   0.00000E+00   6.04894E-01   3.41811E+00
         186   1.86000E+01   4.91589E+03   1.89182E-13   1.40332E-12   0.00000E+00   6.03933E-01   3.43257E+00
         187   1.87000E+01   4.91589E+03   1.74971E-13   1.42286E-12   0.00000E+00   6.02979E-01   3.44704E+00
         188   1.88000E+01   4.91589E+03   1.61648E-13   1.43796E-12   0.00000E+00   6.02034E-01   3.46164E+00
         189   1.89000E+01   4.91589E+03   1.54543E-13   1.45750E-12   0.00000E+00   6.01098E-01   3.47625E+00
         190   1.90000E+01   4.91589E+03   1.42109E-13   1.47971E-12   0.00000E+00   6.00329E-01   3.49088E+00
         191   1.91000E+01   4.91589E+03   1.35891E-13   1.49658E-12   0.00000E+00   5.99741E-01   3.50556E+00
         192   1.92000E+01   4.91589E+03   1.32339E-13   1.50990E-12   0.00000E+00   5.99337E-01   3.52017E+00
         193   1.93000E+01   4.91589E+03   1.23457E-13   1.52678E-12   0.00000E+00   5.98487E-01   3.53479E+00
         194   1.94000E+01   4.91589E+03   1.27898E-13   1.54365E-12   0.00000E+00   5.97615E-01   3.54953E+00
         195   1.95000E+01   4.91589E+03   1.29674E-13   1.55342E-12   0.00000E+00   5.96732E-01   3.56423E+00
         196   1.96000E+01   4.91589E+03   1.25233E-13   1.56586E-12   0.00000E+00   5.95851E-01   3.57890E+00
         197   1.97000E+01   4.91589E+03   1.33227E-13   1.57740E-12   0.00000E+00   5.94953E-01   3.59363E+00
         198   1.98000E+01   4.91589E+03   1.31450E-13   1.59428E-12   0.00000E+00   5.94059E-01   3.60834E+00
         199   1.99000E+01   4.91589E+03   1.35003E-13   1.59606E-12   0.00000E+00   5.93170E-01   3.62297E+00
         200   2.00000E+01   4.91589E+03   1.35891E-13   1.60849E-12   0.00000E+00   5.92290E-01   3.63760E+00
         201   2.01000E+01   4.91589E+03   1.37668E-13   1.61915E-12   0.00000E+00   5.91363E-01   3.65221E+00
         202   2.02000E+01   4.91589E+03   1.41220E-13   1.63247E-12   0.00000E+00   5.90443E-01   3.66680E+00
         203   2.03000E+01   4.91589E+03   1.42997E-13   1.64935E-12   0.00000E+00   5.89529E-01   3.68131E+00
         204   2.04000E+01   4.91589E+03   1.48326E-13   1.66356E-12   0.00000E+00   5.88620E-01   3.69579E+00
         205   2.05000E+01   4.91589E+03   1.46549E-13   1.67688E-12   0.00000E+00   5.87715E-01   3.71026E+00
         206   2.06000E+01   4.91589E+03   1.44773E-13   1.69642E-12   0.00000E+00   5.86820E-01   3.72481E+00
         207   2.07000E+01   4.91589E+03   1.46549E-13   1.71152E-12   0.00000E+00   5.85927E-01   3.73934E+00
         208   2.08000E+01   4.91589E+03   1.50990E-13   1.71863E-12   0.00000E+00   5.85061E-01   3.75388E+00
         209   2.09000E+01   4.91589E+03   1.50102E-13   1.73284E-12   0.00000E+00   5.84196E-01   3.76836E+00
         210   2.10000E+01   4.91589E+03   1.50102E-13   1.74794E-12   0.00000E+00   5.83330E-01   3.78276E+00
         211   2.11000E+01   4.91589E+03   1.59872E-13   1.76037E-12   0.00000E+00   5.82425E-01   3.79729E+00
         212   2.12000E+01   4.91589E+03   1.45661E-13   1.77458E-12   0.00000E+00   5.81504E-01   3.81195E+00
         213   2.13000E+01   4.91589E+03   1.51879E-13   1.78701E-12   0.00000E+00   5.80577E-01   3.82655E+00
         214   2.14000E+01   4.91589E+03   1.40332E-13   1.78613E-12   0.00000E+00   5.79664E-01   3.84107E+00
         215   2.15000E+01   4.91589E+03   1.29674E-13   1.77991E-12   0.00000E+00   5.78756E-01   3.85551E+00
         216   2.16000E+01   4.91589E+03   1.29674E-13   1.77991E-12   0.00000E+00   5.77842E-01   3.86982E+00
         217   2.17000E+01   4.91589E+03   1.23457E-13   1.77369E-12   0.00000E+00   5.76932E-01   3.88405E+00
         218   2.18000E+01   4.91589E+03   1.23457E-13   1.78524E-12   0.00000E+00   5.76016E-01   3.89816E+00
         219   2.19000E+01   4.91589E+03   1.23457E-13   1.79412E-12   0.00000E+00   5.75110E-01   3.91223E+00
         220   2.20000E+01   4.91589E+03   1.16351E-13   1.82077E-12   0.00000E+00   5.74218E-01   3.92632E+00
         221   2.21000E+01   4.91589E+03   1.08358E-13   1.83586E-12   0.00000E+00   5.73310E-01   3.94031E+00
         222   2.22000E+01   4.91589E+03   1.05693E-13   1.84919E-12   0.00000E+00   5.72406E-01   3.95422E+00
         223   2.23000E+01   4.91589E+03   1.01252E-13   1.86606E-12   0.00000E+00   5.71493E-01   3.96805E+00
         224   2.24000E+01   4.91589E+03   1.00364E-13   1.87761E-12   0.00000E+00   5.70595E-01   3.98180E+00
         225   2.25000E+01   4.91589E+03   1.00364E-13   1.88116E-12   0.00000E+00   5.69700E-01   3.99548E+00
         226   2.26000E+01   4.91589E+03   9.85878E-14   1.88471E-12   0.00000E+00   5.68816E-01   4.00914E+00
         227   2.27000E+01   4.91589E+03   9.59233E-14   1.88916E-12   0.00000E+00   5.67927E-01   4.02276E+00
         228   2.28000E+01   4.91589E+03   9.14824E-14   1.89271E-12   0.00000E+00   5.67046E-01   4.03633E+00
         229   2.29000E+01   4.91589E+03   8.70415E-14   1.90070E-12   0.00000E+00   5.66187E-01   4.04985E+00
         230   2.30000E+01   4.91589E+03   8.34888E-14   1.89537E-12   0.00000E+00   5.65307E-01   4.06331E+00
         231   2.31000E+01   4.91589E+03   8.52651E-14   1.88827E-12   0.00000E+00   5.64422E-01   4.07674E+00
         232   2.32000E+01   4.91589E+03   8.52651E-14   1.88294E-12   0.00000E+00   5.63560E-01   4.09011E+00
         233   2.33000E+01   4.91589E+03   8.97060E-14   1.88205E-12   0.00000E+00   5.62701E-01   4.10347E+00
         234   2.34000E+01   4.91589E+03   8.26006E-14   1.87850E-12   0.00000E+00   5.61817E-01   4.11703E+00
         235   2.35000E+01   4.91589E+03   8.17124E-14   1.87672E-12   0.00000E+00   5.60945E-01   4.13052E+00
         236   2.36000E+01   4.91589E+03   8.34888E-14   1.87317E-12   0.00000E+00   5.60097E-01   4.14394E+00
         237   2.37000E+01   4.91589E+03   8.52651E-14   1.87406E-12   0.00000E+00   5.59279E-01   4.15727E+00
         238   2.38000E+01   4.91589E+03   8.08242E-14   1.87494E-12   0.00000E+00   5.58463E-01   4.17054E+00
         239   2.39000E+01   4.91589E+03   8.17124E-14   1.87228E-12   0.00000E+00   5.57659E-01   4.18370E+00
         240   2.40000E+01   4.91589E+03   7.63833E-14   1.87494E-12   0.00000E+00   5.56893E-01   4.19679E+00
         241   2.41000E+01   4.91589E+03   7.90479E-14   1.87494E-12   0.00000E+00   5.56137E-01   4.20981E+00
         242   2.42000E+01   4.91589E+03   6.75016E-14   1.88027E-12   0.00000E+00   5.55376E-01   4.22280E+00
         243   2.43000E+01   4.91589E+03   6.66134E-14   1.87939E-12   0.00000E+00   5.54626E-01   4.23571E+00
         244   2.44000E+01   4.91589E+03   6.39488E-14   1.88294E-12   0.00000E+00   5.53911E-01   4.24857E+00
         245   2.45000E+01   4.91589E+03   6.30607E-14   1.87583E-12   0.00000E+00   5.53213E-01   4.26136E+00
         246   2.46000E+01   4.91589E+03   6.21725E-14   1.87050E-12   0.00000E+00   5.52538E-01   4.27407E+00
         247   2.47000E+01   4.91589E+03   6.39488E-14   1.87139E-12   0.00000E+00   5.51864E-01   4.28669E+00
         248   2.48000E+01   4.91589E+03   5.86198E-14   1.86873E-12   0.00000E+00   5.51181E-01   4.29923E+00
         249   2.49000E+01   4.91589E+03   5.41789E-14   1.87050E-12   0.00000E+00   5.50524E-01   4.31169E+00
         250   2.50000E+01   4.91589E+03   5.77316E-14   1.87761E-12   0.00000E+00   5.49855E-01   4.32405E+00
         251   2.51000E+01   4.91589E+03   5.59552E-14   1.87672E-12   0.00000E+00   5.49122E-01   4.33633E+00
         252   2.52000E+01   4.91589E+03   5.86198E-14   1.87939E-12   0.00000E+00   5.48406E-01   4.34854E+00
         253   2.53000E+01   4.91589E+03   5.68434E-14   1.88294E-12   0.00000E+00   5.47716E-01   4.36066E+00
         254   2.54000E+01   4.91589E+03   5.41789E-14   1.88738E-12   0.00000E+00   5.47010E-01   4.37269E+00
         255   2.55000E+01   4.91589E+03   5.15143E-14   1.89537E-12   0.00000E+00   5.46283E-01   4.38465E+00
         256   2.56000E+01   4.91589E+03   5.24025E-14   1.89893E-12   0.00000E+00   5.45517E-01   4.39656E+00
         257   2.57000E+01   4.91589E+03   5.15143E-14   1.90603E-12   0.00000E+00   5.44811E-01   4.40835E+00
         258   2.58000E+01   4.91589E+03   4.70735E-14   1.91669E-12   0.00000E+00   5.44149E-01   4.42008E+00
         259   2.59000E+01   4.91589E+03   4.35207E-14   1.92912E-12   0.00000E+00   5.43511E-01   4.43175E+00
         260   2.60000E+01   4.91589E+03   3.73035E-14   1.94422E-12   0.00000E+00   5.42954E-01   4.44338E+00
         261   2.61000E+01   4.91589E+03   3.73035E-14   1.95133E-12   0.00000E+00   5.42391E-01   4.45497E+00
         262   2.62000E+01   4.91589E+03   3.99680E-14   1.96021E-12   0.00000E+00   5.41798E-01   4.46652E+00
         263   2.63000E+01   4.91589E+03   3.46390E-14   1.97176E-12   0.00000E+00   5.41181E-01   4.47807E+00
         264   2.64000E+01   4.91589E+03   3.37508E-14   1.98597E-12   0.00000E+00   5.40564E-01   4.48962E+00
         265   2.65000E+01   4.91589E+03   3.10862E-14   1.99130E-12   0.00000E+00   5.39948E-01   4.50114E+00
         266   2.66000E+01   4.91589E+03   2.93099E-14   2.00195E-12   0.00000E+00   5.39321E-01   4.51262E+00
         267   2.67000E+01   4.91589E+03   3.19744E-14   2.00284E-12   0.00000E+00   5.38700E-01   4.52403E+00
         268   2.68000E+01   4.91589E+03   2.13163E-14   2.00107E-12   0.00000E+00   5.38086E-01   4.53535E+00
         269   2.69000E+01   4.91589E+03   1.42109E-14   1.99130E-12   0.00000E+00   5.37474E-01   4.54665E+00
         270   2.70000E+01   4.91589E+03   7.99361E-15   1.98686E-12   0.00000E+00   5.36866E-01   4.55791E+00
         271   2.71000E+01   4.91589E+03   2.66454E-15   1.98241E-12   0.00000E+00   5.36254E-01   4.56912E+00
         272   2.72000E+01   4.91589E+03  -8.88178E-16   1.98064E-12   0.00000E+00   5.35644E-01   4.58027E+00
         273   2.73000E+01   4.91589E+03  -1.77636E-15   1.98241E-12   0.00000E+00   5.35035E-01   4.59131E+00
         274   2.74000E+01   4.91589E+03  -7.10543E-15   1.98863E-12   0.00000E+00   5.34424E-01   4.60228E+00
         275   2.75000E+01   4.91589E+03  -9.76996E-15   1.98686E-12   0.00000E+00   5.33811E-01   4.61315E+00
         276   2.76000E+01   4.91589E+03  -1.68754E-14   1.98863E-12   0.00000E+00   5.33200E-01   4.62394E+00
         277   2.77000E+01   4.91589E+03  -1.59872E-14   1.98774E-12   0.00000E+00   5.32588E-01   4.63471E+00
         278   2.78000E+01   4.91589E+03  -2.75335E-14   1.99041E-12   0.00000E+00   5.31972E-01   4.64551E+00
         279   2.79000E+01   4.91589E+03  -3.01981E-14   1.99751E-12   0.00000E+00   5.31360E-01   4.65623E+00
         280   2.80000E+01   4.91589E+03  -3.19744E-14   1.99840E-12   0.00000E+00   5.30748E-01   4.66687E+00
         281   2.81000E+01   4.91589E+03  -3.64153E-14   2.00107E-12   0.00000E+00   5.30135E-01   4.67744E+00
         282   2.82000E+01   4.91589E+03  -3.73035E-14   2.00373E-12   0.00000E+00   5.29530E-01   4.68792E+00
         283   2.83000E+01   4.91589E+03  -4.08562E-14   1.99663E-12   0.00000E+00   5.28919E-01   4.69827E+00
         284   2.84000E+01   4.91589E+03  -4.44089E-14   1.99218E-12   0.00000E+00   5.28166E-01   4.70861E+00
         285   2.85000E+01   4.91589E+03  -5.32907E-14   2.00373E-12   0.00000E+00   5.27426E-01   4.71888E+00
         286   2.86000E+01   4.91589E+03  -5.06262E-14   1.99929E-12   0.00000E+00   5.26686E-01   4.72912E+00
         287   2.87000E+01   4.91589E+03  -5.32907E-14   1.99929E-12   0.00000E+00   5.25581E-01   4.73927E+00
         288   2.88000E+01   4.91589E+03  -4.70735E-14   2.00373E-12   0.00000E+00   5.24451E-01   4.74942E+00
         289   2.89000E+01   4.91589E+03  -4.35207E-14   2.00462E-12   0.00000E+00   5.23322E-01   4.75955E+00
         290   2.90000E+01   4.91589E+03  -4.52971E-14   2.01084E-12   0.00000E+00   5.22186E-01   4.76968E+00
         291   2.91000E+01   4.91589E+03  -4.97380E-14   2.01261E-12   0.00000E+00   5.21051E-01   4.77983E+00
         292   2.92000E+01   4.91589E+03  -4.44089E-14   2.02327E-12   0.00000E+00   5.19913E-01   4.79008E+00
         293   2.93000E+01   4.91589E+03  -4.26326E-14   2.02771E-12   0.00000E+00   5.18774E-01   4.80035E+00
         294   2.94000E+01   4.91589E+03  -5.15143E-14   2.03837E-12   0.00000E+00   5.17633E-01   4.81062E+00
         295   2.95000E+01   4.91589E+03  -5.59552E-14   2.04814E-12   0.00000E+00   5.16498E-01   4.82089E+00
         296   2.96000E+01   4.91589E+03  -5.86198E-14   2.05258E-12   0.00000E+00   5.15396E-01   4.83107E+00
         297   2.97000E+01   4.91589E+03  -5.95080E-14   2.05880E-12   0.00000E+00   5.14306E-01   4.84121E+00
         298   2.98000E+01   4.91589E+03  -6.39488E-14   2.06679E-12   0.00000E+00   5.13232E-01   4.85128E+00
         299   2.99000E+01   4.91589E+03  -7.10543E-14   2.07123E-12   0.00000E+00   5.12134E-01   4.86128E+00
         300   3.00000E+01   4.91589E+03  -7.28306E-14   2.08367E-12   0.00000E+00   5.11053E-01   4.87122E+00
         301   3.01000E+01   4.91589E+03  -7.90479E-14   2.09788E-12   0.00000E+00   5.09976E-01   4.88107E+00
         302   3.02000E+01   4.91589E+03  -8.43769E-14   2.10143E-12   0.00000E+00   5.08916E-01   4.89086E+00
         303   3.03000E+01   4.91589E+03  -9.41469E-14   2.10676E-12   0.00000E+00   5.07866E-01   4.90064E+00
         304   3.04000E+01   4.91589E+03  -1.03029E-13   2.11209E-12   0.00000E+00   5.06830E-01   4.91040E+00
         305   3.05000E+01   4.91589E+03  -1.09246E-13   2.11475E-12   0.00000E+00   5.05804E-01   4.92017E+00
         306   3.06000E+01   4.91589E+03  -1.10134E-13   2.11831E-12   0.00000E+00   5.04790E-01   4.92993E+00
         307   3.07000E+01   4.91589E+03  -1.16351E-13   2.12008E-12   0.00000E+00   5.03750E-01   4.93985E+00
         308   3.08000E+01   4.91589E+03  -1.24345E-13   2.13074E-12   0.00000E+00   5.02718E-01   4.94979E+00
         309   3.09000E+01   4.91589E+03  -1.31450E-13   2.14140E-12   0.00000E+00   5.01697E-01   4.95968E+00
         310   3.10000E+01   4.91589E+03  -1.41220E-13   2.15650E-12   0.00000E+00   5.00686E-01   4.96959E+00
         311   3.11000E+01   4.91589E+03  -1.44773E-13   2.16538E-12   0.00000E+00   4.99686E-01   4.97951E+00
         312   3.12000E+01   4.91589E+03  -1.64313E-13   2.17515E-12   0.00000E+00   4.98692E-01   4.98944E+00
         313   3.13000E+01   4.91589E+03  -1.67866E-13   2.18314E-12   0.00000E+00   4.97711E-01   4.99939E+00
         314   3.14000E+01   4.91589E+03  -1.74083E-13   2.18670E-12   0.00000E+00   4.96741E-01   5.00957E+00
         315   3.15000E+01   4.91589E+03  -1.81188E-13   2.19291E-12   0.00000E+00   4.95782E-01   5.01983E+00
         316   3.16000E+01   4.91589E+03  -1.89182E-13   2.20002E-12   0.00000E+00   4.94870E-01   5.03009E+00
         317   3.17000E+01   4.91589E+03  -1.93623E-13   2.20712E-12   0.00000E+00   4.93971E-01   5.04029E+00
         318   3.18000E+01   4.91589E+03  -1.98064E-13   2.21689E-12   0.00000E+00   4.93080E-01   5.05052E+00
         319   3.19000E+01   4.91589E+03  -2.08722E-13   2.22400E-12   0.00000E+00   4.92207E-01   5.06071E+00
         320   3.20000E+01   4.91589E+03  -2.15827E-13   2.23022E-12   0.00000E+00   4.91346E-01   5.07088E+00
         321   3.21000E+01   4.91589E+03  -2.26485E-13   2.23466E-12   0.00000E+00   4.90497E-01   5.08106E+00
         322   3.22000E+01   4.91589E+03  -2.28262E-13   2.24265E-12   0.00000E+00   4.89655E-01   5.09119E+00
         323   3.23000E+01   4.91589E+03  -2.36255E-13   2.24887E-12   0.00000E+00   4.88812E-01   5.10131E+00
         324   3.24000E+01   4.91589E+03  -2.42473E-13   2.25775E-12   0.00000E+00   4.87966E-01   5.11140E+00
         325   3.25000E+01   4.91589E+03  -2.52243E-13   2.26485E-12   0.00000E+00   4.87111E-01   5.12152E+00
         326   3.26000E+01   4.91589E+03  -2.60236E-13   2.26841E-12   0.00000E+00   4.86266E-01   5.13163E+00
         327   3.27000E+01   4.91589E+03  -2.70894E-13   2.27462E-12   0.00000E+00   4.85432E-01   5.14174E+00
         328   3.28000E+01   4.91589E+03  -2.76223E-13   2.28262E-12   0.00000E+00   4.84607E-01   5.15183E+00
         329   3.29000E+01   4.91589E+03  -2.86882E-13   2.28795E-12   0.00000E+00   4.83796E-01   5.16190E+00
         330   3.30000E+01   4.91589E+03  -2.91323E-13   2.29594E-12   0.00000E+00   4.82995E-01   5.17189E+00
         331   3.31000E+01   4.91589E+03  -2.97540E-13   2.30393E-12   0.00000E+00   4.82204E-01   5.18188E+00
         332   3.32000E+01   4.91589E+03  -3.00204E-13   2.30926E-12   0.00000E+00   4.81426E-01   5.19188E+00
         333   3.33000E+01   4.91589E+03  -3.11751E-13   2.31637E-12   0.00000E+00   4.80658E-01   5.20186E+00
         334   3.34000E+01   4.91589E+03  -3.19744E-13   2.32347E-12   0.00000E+00   4.79905E-01   5.21179E+00
         335   3.35000E+01   4.91589E+03  -3.32179E-13   2.33147E-12   0.00000E+00   4.79158E-01   5.22171E+00
         336   3.36000E+01   4.91589E+03  -3.43725E-13   2.33236E-12   0.00000E+00   4.78417E-01   5.23159E+00
         337   3.37000E+01   4.91589E+03  -3.52607E-13   2.34124E-12   0.00000E+00   4.77688E-01   5.24147E+00
         338   3.38000E+01   4.91589E+03  -3.65930E-13   2.35012E-12   0.00000E+00   4.76976E-01   5.25129E+00
         339   3.39000E+01   4.91589E+03  -3.70370E-13   2.34657E-12   0.00000E+00   4.76277E-01   5.26106E+00
         340   3.40000E+01   4.91589E+03  -3.74811E-13   2.35456E-12   0.00000E+00   4.75588E-01   5.27094E+00
         341   3.41000E+01   4.91589E+03  -3.82805E-13   2.35900E-12   0.00000E+00   4.74887E-01   5.28081E+00
         342   3.42000E+01   4.91589E+03  -3.84581E-13   2.36167E-12   0.00000E+00   4.74168E-01   5.29071E+00
         343   3.43000E+01   4.91589E+03  -3.87246E-13   2.36167E-12   0.00000E+00   4.73461E-01   5.30061E+00
         344   3.44000E+01   4.91589E+03  -3.91687E-13   2.36522E-12   0.00000E+00   4.72769E-01   5.31051E+00
         345   3.45000E+01   4.91589E+03  -3.90799E-13   2.36611E-12   0.00000E+00   4.72096E-01   5.32041E+00
         346   3.46000E+01   4.91589E+03  -3.91687E-13   2.36700E-12   0.00000E+00   4.71490E-01   5.33024E+00
         347   3.47000E+01   4.91589E+03  -3.97016E-13   2.36255E-12   0.00000E+00   4.70900E-01   5.34011E+00
         348   3.48000E+01   4.91589E+03  -4.00568E-13   2.36167E-12   0.00000E+00   4.70321E-01   5.34994E+00
         349   3.49000E+01   4.91589E+03  -4.04121E-13   2.35723E-12   0.00000E+00   4.69754E-01   5.35966E+00
         350   3.50000E+01   4.91589E+03  -4.05009E-13   2.35634E-12   0.00000E+00   4.69193E-01   5.36939E+00
         351   3.51000E+01   4.91589E+03  -4.12115E-13   2.35900E-12   0.00000E+00   4.68660E-01   5.37908E+00
         352   3.52000E+01   4.91589E+03  -4.20997E-13   2.35634E-12   0.00000E+00   4.68147E-01   5.38875E+00
         353   3.53000E+01   4.91589E+03  -4.20108E-13   2.35989E-12   0.00000E+00   4.67639E-01   5.39842E+00
         354   3.54000E+01   4.91589E+03  -4.27214E-13   2.36078E-12   0.00000E+00   4.67132E-01   5.40807E+00
         355   3.55000E+01   4.91589E+03  -4.27214E-13   2.35811E-12   0.00000E+00   4.66631E-01   5.41774E+00
         356   3.56000E+01   4.91589E+03  -4.32543E-13   2.36344E-12   0.00000E+00   4.66134E-01   5.42739E+00
         357   3.57000E+01   4.91589E+03  -4.36984E-13   2.36611E-12   0.00000E+00   4.65636E-01   5.43696E+00
         358   3.58000E+01   4.91589E+03  -4.36096E-13   2.36611E-12   0.00000E+00   4.65142E-01   5.44654E+00
         359   3.59000E+01   4.91589E+03  -4.43201E-13   2.37055E-12   0.00000E+00   4.64654E-01   5.45611E+00
         360   3.60000E+01   4.91589E+03  -4.44089E-13   2.36788E-12   0.00000E+00   4.64159E-01   5.46572E+00
         361   3.61000E+01   4.91589E+03  -4.52083E-13   2.37588E-12   0.00000E+00   4.63752E-01   5.47550E+00
         362   3.62000E+01   4.91589E+03  -4.56524E-13   2.38387E-12   0.00000E+00   4.63349E-01   5.48538E+00
         363   3.63000E+01   4.91589E+03  -4.58300E-13   2.38654E-12   0.00000E+00   4.62955E-01   5.49528E+00
         364   3.64000E+01   4.91589E+03  -4.54747E-13   2.38920E-12   0.00000E+00   4.62571E-01   5.50523E+00
         365   3.65000E+01   4.91589E+03  -4.55636E-13   2.39631E-12   0.00000E+00   4.62199E-01   5.51523E+00
         366   3.66000E+01   4.91589E+03  -4.51195E-13   2.39542E-12   0.00000E+00   4.61831E-01   5.52521E+00
         367   3.67000E+01   4.91589E+03  -4.60965E-13   2.39808E-12   0.00000E+00   4.61476E-01   5.53528E+00
         368   3.68000E+01   4.91589E+03  -4.61853E-13   2.40252E-12   0.00000E+00   4.61130E-01   5.54543E+00
         369   3.69000E+01   4.91589E+03  -4.67182E-13   2.40430E-12   0.00000E+00   4.60793E-01   5.55567E+00
         370   3.70000E+01   4.91589E+03  -4.72511E-13   2.40874E-12   0.00000E+00   4.60461E-01   5.56596E+00
         371   3.71000E+01   4.91589E+03  -4.76952E-13   2.41229E-12   0.00000E+00   4.60134E-01   5.57630E+00
         372   3.72000E+01   4.91589E+03  -4.80505E-13   2.41318E-12   0.00000E+00   4.59809E-01   5.58663E+00
         373   3.73000E+01   4.91589E+03  -4.79616E-13   2.42117E-12   0.00000E+00   4.59493E-01   5.59696E+00
         374   3.74000E+01   4.91589E+03  -4.75175E-13   2.42562E-12   0.00000E+00   4.59177E-01   5.60726E+00
         375   3.75000E+01   4.91589E+03  -4.77840E-13   2.42739E-12   0.00000E+00   4.58870E-01   5.61762E+00
         376   3.76000E+01   4.91589E+03  -4.76064E-13   2.42917E-12   0.00000E+00   4.58565E-01   5.62795E+00
         377   3.77000E+01   4.91589E+03  -4.66294E-13   2.43183E-12   0.00000E+00   4.58264E-01   5.63828E+00
         378   3.78000E+01   4.91589E+03  -4.69846E-13   2.42917E-12   0.00000E+00   4.57966E-01   5.64861E+00
         379   3.79000E+01   4.91589E+03  -4.70735E-13   2.43094E-12   0.00000E+00   4.57668E-01   5.65889E+00
         380   3.80000E+01   4.91589E+03  -4.72511E-13   2.43716E-12   0.00000E+00   4.57383E-01   5.66919E+00
         381   3.81000E+01   4.91589E+03  -4.72511E-13   2.43450E-12   0.00000E+00   4.57098E-01   5.67944E+00
         382   3.82000E+01   4.91589E+03  -4.76064E-13   2.43983E-12   0.00000E+00   4.56814E-01   5.68969E+00
         383   3.83000E+01   4.91589E+03  -4.84945E-13   2.44427E-12   0.00000E+00   4.56527E-01   5.69989E+00
         384   3.84000E+01   4.91589E+03  -4.82281E-13   2.45315E-12   0.00000E+00   4.56166E-01   5.71005E+00
         385   3.85000E+01   4.91589E+03  -4.87610E-13   2.46025E-12   0.00000E+00   4.55798E-01   5.72020E+00
         386   3.86000E+01   4.91589E+03  -4.86722E-13   2.46114E-12   0.00000E+00   4.55430E-01   5.73031E+00
         387   3.87000E+01   4.91589E+03  -4.79616E-13   2.46736E-12   0.00000E+00   4.55068E-01   5.74050E+00
         388   3.88000E+01   4.91589E+03  -4.81393E-13   2.46914E-12   0.00000E+00   4.54706E-01   5.75067E+00
         389   3.89000E+01   4.91589E+03  -4.77840E-13   2.47535E-12   0.00000E+00   4.54339E-01   5.76080E+00
         390   3.90000E+01   4.91589E+03  -4.72511E-13   2.47713E-12   0.00000E+00   4.53863E-01   5.77089E+00
         391   3.91000E+01   4.91589E+03  -4.76952E-13   2.48335E-12   0.00000E+00   4.53358E-01   5.78100E+00
         392   3.92000E+01   4.91589E+03  -4.74287E-13   2.48956E-12   0.00000E+00   4.52830E-01   5.79112E+00
         393   3.93000E+01   4.91589E+03  -4.72511E-13   2.49045E-12   0.00000E+00   4.52285E-01   5.80121E+00
         394   3.94000E+01   4.91589E+03  -4.78728E-13   2.49578E-12   0.00000E+00   4.51755E-01   5.81120E+00
         395   3.95000E+01   4.91589E+03  -4.83169E-13   2.49933E-12   0.00000E+00   4.51220E-01   5.82120E+00
         396   3.96000E+01   4.91589E+03  -4.84945E-13   2.49933E-12   0.00000E+00   4.50671E-01   5.83116E+00
         397   3.97000E+01   4.91589E+03  -4.84057E-13   2.50555E-12   0.00000E+00   4.50116E-01   5.84107E+00
         398   3.98000E+01   4.91589E+03  -4.84945E-13   2.50733E-12   0.00000E+00   4.49555E-01   5.85095E+00
         399   3.99000E+01   4.91589E+03  -4.90274E-13   2.50466E-12   0.00000E+00   4.48995E-01   5.86082E+00
         400   4.00000E+01   4.91589E+03  -4.84945E-13   2.50289E-12   0.00000E+00   4.48441E-01   5.87066E+00
         401   4.01000E+01   4.91589E+03  -4.85834E-13   2.50289E-12   0.00000E+00   4.47682E-01   5.88046E+00
         402   4.02000E+01   4.91589E+03  -4.90274E-13   2.50022E-12   0.00000E+00   4.46937E-01   5.89018E+00
         403   4.03000E+01   4.91589E+03  -4.88498E-13   2.49578E-12   0.00000E+00   4.46201E-01   5.89981E+00
         404   4.04000E+01   4.91589E+03  -4.87610E-13   2.49489E-12   0.00000E+00   4.45400E-01   5.90940E+00
         405   4.05000E+01   4.91589E+03  -4.92051E-13   2.49401E-12   0.00000E+00   4.44617E-01   5.91895E+00
         406   4.06000E+01   4.91589E+03  -4.88498E-13   2.49134E-12   0.00000E+00   4.43848E-01   5.92848E+00
         407   4.07000E+01   4.91589E+03  -4.92939E-13   2.49045E-12   0.00000E+00   4.43092E-01   5.93802E+00
         408   4.08000E+01   4.91589E+03  -4.93827E-13   2.49401E-12   0.00000E+00   4.42348E-01   5.94756E+00
         409   4.09000E+01   4.91589E+03  -4.92939E-13   2.49223E-12   0.00000E+00   4.41544E-01   5.95704E+00
         410   4.10000E+01   4.91589E+03  -4.92939E-13   2.48424E-12   0.00000E+00   4.40706E-01   5.96650E+00
         411   4.11000E+01   4.91589E+03  -4.92051E-13   2.47713E-12   0.00000E+00   4.39876E-01   5.97593E+00
         412   4.12000E+01   4.91589E+03  -4.92051E-13   2.47891E-12   0.00000E+00   4.39053E-01   5.98532E+00
         413   4.13000E+01   4.91589E+03  -4.93827E-13   2.47713E-12   0.00000E+00   4.38236E-01   5.99467E+00
         414   4.14000E+01   4.91589E+03  -4.89386E-13   2.47091E-12   0.00000E+00   4.37415E-01   6.00399E+00
         415   4.15000E+01   4.91589E+03  -4.84057E-13   2.46736E-12   0.00000E+00   4.36598E-01   6.01337E+00
         416   4.16000E+01   4.91589E+03  -4.87610E-13   2.46736E-12   0.00000E+00   4.35787E-01   6.02273E+00
         417   4.17000E+01   4.91589E+03  -4.81393E-13   2.45759E-12   0.00000E+00   4.34979E-01   6.03208E+00
         418   4.18000E+01   4.91589E+03  -4.79616E-13   2.46203E-12   0.00000E+00   4.34168E-01   6.04140E+00
         419   4.19000E+01   4.91589E+03  -4.74287E-13   2.45670E-12   0.00000E+00   4.33367E-01   6.05070E+00
         420   4.20000E+01   4.91589E+03  -4.76952E-13   2.46025E-12   0.00000E+00   4.32565E-01   6.05995E+00
         421   4.21000E+01   4.91589E+03  -4.76064E-13   2.46114E-12   0.00000E+00   4.31766E-01   6.06918E+00
         422   4.22000E+01   4.91589E+03  -4.70735E-13   2.45937E-12   0.00000E+00   4.30974E-01   6.07847E+00
         423   4.23000E+01   4.91589E+03  -4.68958E-13   2.46114E-12   0.00000E+00   4.30182E-01   6.08774E+00
         424   4.24000E+01   4.91589E+03  -4.67182E-13   2.45581E-12   0.00000E+00   4.29391E-01   6.09701E+00
         425   4.25000E+01   4.91589E+03  -4.62741E-13   2.45048E-12   0.00000E+00   4.28603E-01   6.10625E+00
         426   4.26000E+01   4.91589E+03  -4.57412E-13   2.44782E-12   0.00000E+00   4.27822E-01   6.11554E+00
         427   4.27000E+01   4.91589E+03  -4.50306E-13   2.45048E-12   0.00000E+00   4.27042E-01   6.12487E+00
         428   4.28000E+01   4.91589E+03  -4.49418E-13   2.44871E-12   0.00000E+00   4.26248E-01   6.13427E+00
         429   4.29000E+01   4.91589E+03  -4.44089E-13   2.44960E-12   0.00000E+00   4.25450E-01   6.14369E+00
         430   4.30000E+01   4.91589E+03  -4.44089E-13   2.44782E-12   0.00000E+00   4.24635E-01   6.15319E+00
         431   4.31000E+01   4.91589E+03  -4.45866E-13   2.44871E-12   0.00000E+00   4.23824E-01   6.16274E+00
         432   4.32000E+01   4.91589E+03  -4.35207E-13   2.44782E-12   0.00000E+00   4.23020E-01   6.17232E+00
         433   4.33000E+01   4.91589E+03  -4.35207E-13   2.44782E-12   0.00000E+00   4.22223E-01   6.18192E+00
         434   4.34000E+01   4.91589E+03  -4.30767E-13   2.44693E-12   0.00000E+00   4.21431E-01   6.19149E+00
         435   4.35000E+01   4.91589E+03  -4.29878E-13   2.44871E-12   0.00000E+00   4.20645E-01   6.20108E+00
         436   4.36000E+01   4.91589E+03  -4.20997E-13   2.44871E-12   0.00000E+00   4.19864E-01   6.21069E+00
         437   4.37000E+01   4.91589E+03  -4.12115E-13   2.44071E-12   0.00000E+00   4.19084E-01   6.22028E+00
         438   4.38000E+01   4.91589E+03  -4.10338E-13   2.43627E-12   0.00000E+00   4.18306E-01   6.22988E+00
         439   4.39000E+01   4.91589E+03  -4.07674E-13   2.43894E-12   0.00000E+00   4.17529E-01   6.23948E+00
         440   4.40000E+01   4.91589E+03  -3.95239E-13   2.43183E-12   0.00000E+00   4.16756E-01   6.24908E+00
         441   4.41000E+01   4.91589E+03  -3.94351E-13   2.43361E-12   0.00000E+00   4.15943E-01   6.25867E+00
         442   4.42000E+01   4.91589E+03  -3.91687E-13   2.43006E-12   0.00000E+00   4.15125E-01   6.26826E+00
         443   4.43000E+01   4.91589E+03  -3.89910E-13   2.43450E-12   0.00000E+00   4.14301E-01   6.27788E+00
         444   4.44000E+01   4.91589E+03  -3.89022E-13   2.42917E-12   0.00000E+00   4.13455E-01   6.28744E+00
         445   4.45000E+01   4.91589E+03  -3.81917E-13   2.42650E-12   0.00000E+00   4.12611E-01   6.29700E+00
         446   4.46000E+01   4.91589E+03  -3.81917E-13   2.43094E-12   0.00000E+00   4.11770E-01   6.30655E+00
         447   4.47000E+01   4.91589E+03  -3.74811E-13   2.42473E-12   0.00000E+00   4.10935E-01   6.31610E+00
         448   4.48000E+01   4.91589E+03  -3.74811E-13   2.42384E-12   0.00000E+00   4.10100E-01   6.32565E+00
         449   4.49000E+01   4.91589E+03  -3.77476E-13   2.42206E-12   0.00000E+00   4.09276E-01   6.33518E+00
         450   4.50000E+01   4.91589E+03  -3.70370E-13   2.42384E-12   0.00000E+00   4.08447E-01   6.34480E+00
         451   4.51000E+01   4.91589E+03  -3.68594E-13   2.42473E-12   0.00000E+00   4.07613E-01   6.35451E+00
         452   4.52000E+01   4.91589E+03  -3.67706E-13   2.42650E-12   0.00000E+00   4.06789E-01   6.36424E+00
         453   4.53000E+01   4.91589E+03  -3.66818E-13   2.42562E-12   0.00000E+00   4.05975E-01   6.37394E+00
         454   4.54000E+01   4.91589E+03  -3.66818E-13   2.42473E-12   0.00000E+00   4.05183E-01   6.38365E+00
         455   4.55000E+01   4.91589E+03  -3.65041E-13   2.43006E-12   0.00000E+00   4.04406E-01   6.39332E+00
         456   4.56000E+01   4.91589E+03  -3.64153E-13   2.43361E-12   0.00000E+00   4.03643E-01   6.40299E+00
         457   4.57000E+01   4.91589E+03  -3.68594E-13   2.43539E-12   0.00000E+00   4.02894E-01   6.41270E+00
         458   4.58000E+01   4.91589E+03  -3.65930E-13   2.43894E-12   0.00000E+00   4.02152E-01   6.42248E+00
         459   4.59000E+01   4.91589E+03  -3.64153E-13   2.44249E-12   0.00000E+00   4.01420E-01   6.43227E+00
         460   4.60000E+01   4.91589E+03  -3.61489E-13   2.44160E-12   0.00000E+00   4.00695E-01   6.44208E+00
         461   4.61000E+01   4.91589E+03  -3.58824E-13   2.44160E-12   0.00000E+00   3.99975E-01   6.45187E+00
         462   4.62000E+01   4.91589E+03  -3.60600E-13   2.43983E-12   0.00000E+00   3.99261E-01   6.46169E+00
         463   4.63000E+01   4.91589E+03  -3.60600E-13   2.43805E-12   0.00000E+00   3.98541E-01   6.47155E+00
         464   4.64000E+01   4.91589E+03  -3.59712E-13   2.43983E-12   0.00000E+00   3.97825E-01   6.48145E+00
         465   4.65000E+01   4.91589E+03  -3.59712E-13   2.44782E-12   0.00000E+00   3.97121E-01   6.49136E+00
         466   4.66000E+01   4.91589E+03  -3.61489E-13   2.45226E-12   0.00000E+00   3.96423E-01   6.50138E+00
         467   4.67000E+01   4.91589E+03  -3.62377E-13   2.45581E-12   0.00000E+00   3.95736E-01   6.51142E+00
         468   4.68000E+01   4.91589E+03  -3.58824E-13   2.45670E-12   0.00000E+00   3.95059E-01   6.52146E+00
         469   4.69000E+01   4.91589E+03  -3.63265E-13   2.46203E-12   0.00000E+00   3.94386E-01   6.53143E+00
         470   4.70000E+01   4.91589E+03  -3.60600E-13   2.46914E-12   0.00000E+00   3.93720E-01   6.54137E+00
         471   4.71000E+01   4.91589E+03  -3.60600E-13   2.46558E-12   0.00000E+00   3.93060E-01   6.55129E+00
         472   4.72000E+01   4.91589E+03  -3.58824E-13   2.47269E-12   0.00000E+00   3.92402E-01   6.56118E+00
         473   4.73000E+01   4.91589E+03  -3.59712E-13   2.47447E-12   0.00000E+00   3.91750E-01   6.57105E+00
         474   4.74000E+01   4.91589E+03  -3.64153E-13   2.47624E-12   0.00000E+00   3.91103E-01   6.58089E+00
         475   4.75000E+01   4.91589E+03  -3.61489E-13   2.48246E-12   0.00000E+00   3.90458E-01   6.59070E+00
         476   4.76000E+01   4.91589E+03  -3.67706E-13   2.49045E-12   0.00000E+00   3.89819E-01   6.60050E+00
         477   4.77000E+01   4.91589E+03  -3.71259E-13   2.49578E-12   0.00000E+00   3.89179E-01   6.61028E+00
         478   4.78000E+01   4.91589E+03  -3.68594E-13   2.49845E-12   0.00000E+00   3.88544E-01   6.62003E+00
         479   4.79000E+01   4.91589E+03  -3.66818E-13   2.50466E-12   0.00000E+00   3.87913E-01   6.62976E+00
         480   4.80000E+01   4.91589E+03  -3.70370E-13   2.50377E-12   0.00000E+00   3.87288E-01   6.63946E+00
         481   4.81000E+01   4.91589E+03  -3.71259E-13   2.50822E-12   0.00000E+00   3.86660E-01   6.64914E+00
         482   4.82000E+01   4.91589E+03  -3.66818E-13   2.51266E-12   0.00000E+00   3.86036E-01   6.65879E+00
         483   4.83000E+01   4.91589E+03  -3.62377E-13   2.51266E-12   0.00000E+00   3.85415E-01   6.66840E+00
         484   4.84000E+01   4.91589E+03  -3.55271E-13   2.51354E-12   0.00000E+00   3.84788E-01   6.67800E+00
         485   4.85000E+01   4.91589E+03  -3.64153E-13   2.52243E-12   0.00000E+00   3.84031E-01   6.68758E+00
         486   4.86000E+01   4.91589E+03  -3.64153E-13   2.52154E-12   0.00000E+00   3.83283E-01   6.69716E+00
         487   4.87000E+01   4.91589E+03  -3.67706E-13   2.51710E-12   0.00000E+00   3.82551E-01   6.70674E+00
         488   4.88000E+01   4.91589E+03  -3.71259E-13   2.51177E-12   0.00000E+00   3.81821E-01   6.71631E+00
         489   4.89000E+01   4.91589E+03  -3.66818E-13   2.51177E-12   0.00000E+00   3.81104E-01   6.72587E+00
         490   4.90000E+01   4.91589E+03  -3.78364E-13   2.50733E-12   0.00000E+00   3.80410E-01   6.73555E+00
         491   4.91000E+01   4.91589E+03  -3.80140E-13   2.50200E-12   0.00000E+00   3.79730E-01   6.74506E+00
         492   4.92000E+01   4.91589E+03  -3.76588E-13   2.49933E-12   0.00000E+00   3.79064E-01   6.75456E+00
         493   4.93000E+01   4.91589E+03  -3.81029E-13   2.49045E-12   0.00000E+00   3.78412E-01   6.76401E+00
         494   4.94000E+01   4.91589E+03  -3.84581E-13   2.48690E-12   0.00000E+00   3.77762E-01   6.77337E+00
         495   4.95000E+01   4.91589E+03  -3.79252E-13   2.48246E-12   0.00000E+00   3.77120E-01   6.78272E+00
         496   4.96000E+01   4.91589E+03  -3.79252E-13   2.47269E-12   0.00000E+00   3.76488E-01   6.79206E+00
         497   4.97000E+01   4.91589E+03  -3.75699E-13   2.46647E-12   0.00000E+00   3.75866E-01   6.80138E+00
         498   4.98000E+01   4.91589E+03  -3.76588E-13   2.46736E-12   0.00000E+00   3.75246E-01   6.81067E+00
         499   4.99000E+01   4.91589E+03  -3.78364E-13   2.46025E-12   0.00000E+00   3.74639E-01   6.81993E+00
         500   5.00000E+01   4.91589E+03  -3.68594E-13   2.45137E-12   0.00000E+00   3.74043E-01   6.82919E+00
         501   5.01000E+01   4.91589E+03  -3.77476E-13   2.44960E-12   0.00000E+00   3.73475E-01   6.83842E+00
         502   5.02000E+01   4.91589E+03  -3.76588E-13   2.44427E-12   0.00000E+00   3.72899E-01   6.84761E+00
         503   5.03000E+01   4.91589E+03  -3.67706E-13   2.43272E-12   0.00000E+00   3.72318E-01   6.85675E+00
         504   5.04000E+01   4.91589E+03  -3.73923E-13   2.42917E-12   0.00000E+00   3.71735E-01   6.86585E+00
         505   5.05000E+01   4.91589E+03  -3.80140E-13   2.42295E-12   0.00000E+00   3.71151E-01   6.87490E+00
         506   5.06000E+01   4.91589E+03  -3.80140E-13   2.41585E-12   0.00000E+00   3.70570E-01   6.88391E+00
         507   5.07000E+01   4.91589E+03  -3.81917E-13   2.41052E-12   0.00000E+00   3.69992E-01   6.89284E+00
         508   5.08000E+01   4.91589E+03  -3.81917E-13   2.40608E-12   0.00000E+00   3.69419E-01   6.90181E+00
         509   5.09000E+01   4.91589E+03  -3.83693E-13   2.39719E-12   0.00000E+00   3.68865E-01   6.91073E+00
         510   5.10000E+01   4.91589E+03  -3.84581E-13   2.39009E-12   0.00000E+00   3.68306E-01   6.91969E+00
         511   5.11000E+01   4.91589E+03  -3.86358E-13   2.38831E-12   0.00000E+00   3.67752E-01   6.92870E+00
         512   5.12000E+01   4.91589E+03  -3.87246E-13   2.38387E-12   0.00000E+00   3.67205E-01   6.93767E+00
         513   5.13000E+01   4.91589E+03  -3.90799E-13   2.37588E-12   0.00000E+00   3.66661E-01   6.94658E+00
         514   5.14000E+01   4.91589E+03  -3.95239E-13   2.37321E-12   0.00000E+00   3.66107E-01   6.95577E+00
         515   5.15000E+01   4.91589E+03  -3.92575E-13   2.36344E-12   0.00000E+00   3.65554E-01   6.96491E+00
         516   5.16000E+01   4.91589E+03  -3.98792E-13   2.35367E-12   0.00000E+00   3.65002E-01   6.97400E+00
         517   5.17000E+01   4.91589E+03  -4.01457E-13   2.35278E-12   0.00000E+00   3.64451E-01   6.98305E+00
         518   5.18000E+01   4.91589E+03  -4.05009E-13   2.35278E-12   0.00000E+00   3.63814E-01   6.99201E+00
         519   5.19000E+01   4.91589E+03  -4.06786E-13   2.35012E-12   0.00000E+00   3.63181E-01   7.00090E+00
         520   5.20000E+01   4.91589E+03  -4.10338E-13   2.34923E-12   0.00000E+00   3.62552E-01   7.00974E+00
         521   5.21000E+01   4.91589E+03  -4.11227E-13   2.34834E-12   0.00000E+00   3.61927E-01   7.01853E+00
         522   5.22000E+01   4.91589E+03  -4.08562E-13   2.35012E-12   0.00000E+00   3.61305E-01   7.02727E+00
         523   5.23000E+01   4.91589E+03  -4.05009E-13   2.34657E-12   0.00000E+00   3.60685E-01   7.03601E+00
         524   5.24000E+01   4.91589E+03  -4.08562E-13   2.34746E-12   0.00000E+00   3.60068E-01   7.04471E+00
         525   5.25000E+01   4.91589E+03  -3.99680E-13   2.34746E-12   0.00000E+00   3.59455E-01   7.05337E+00
         526   5.26000E+01   4.91589E+03  -3.90799E-13   2.35278E-12   0.00000E+00   3.58853E-01   7.06197E+00
         527   5.27000E+01   4.91589E+03  -3.92575E-13   2.35723E-12   0.00000E+00   3.58250E-01   7.07053E+00
         528   5.28000E+01   4.91589E+03  -3.85469E-13   2.36167E-12   0.00000E+00   3.57661E-01   7.07906E+00
         529   5.29000E+01   4.91589E+03  -3.89910E-13   2.36700E-12   0.00000E+00   3.57075E-01   7.08750E+00
         530   5.30000E+01   4.91589E+03  -3.78364E-13   2.36611E-12   0.00000E+00   3.56493E-01   7.09590E+00
         531   5.31000E+01   4.91589E+03  -3.74811E-13   2.36700E-12   0.00000E+00   3.55916E-01   7.10425E+00
         532   5.32000E+01   4.91589E+03  -3.70370E-13   2.36433E-12   0.00000E+00   3.55340E-01   7.11259E+00
         533   5.33000E+01   4.91589E+03  -3.65930E-13   2.36522E-12   0.00000E+00   3.54767E-01   7.12088E+00
         534   5.34000E+01   4.91589E+03  -3.61489E-13   2.36788E-12   0.00000E+00   3.54202E-01   7.12916E+00
         535   5.35000E+01   4.91589E+03  -3.62377E-13   2.37232E-12   0.00000E+00   3.53650E-01   7.13742E+00
         536   5.36000E+01   4.91589E+03  -3.51719E-13   2.37499E-12   0.00000E+00   3.53109E-01   7.14564E+00
         537   5.37000E+01   4.91589E+03  -3.45501E-13   2.38209E-12   0.00000E+00   3.52565E-01   7.15386E+00
         538   5.38000E+01   4.91589E+03  -3.37508E-13   2.37765E-12   0.00000E+00   3.52024E-01   7.16204E+00
         539   5.39000E+01   4.91589E+03  -3.34843E-13   2.37588E-12   0.00000E+00   3.51485E-01   7.17026E+00
         540   5.40000E+01   4.91589E+03  -3.32179E-13   2.37765E-12   0.00000E+00   3.50948E-01   7.17843E+00
         541   5.41000E+01   4.91589E+03  -3.26850E-13   2.37943E-12   0.00000E+00   3.50420E-01   7.18656E+00
         542   5.42000E+01   4.91589E+03  -3.21521E-13   2.37410E-12   0.00000E+00   3.49897E-01   7.19465E+00
         543   5.43000E+01   4.91589E+03  -3.17080E-13   2.37677E-12   0.00000E+00   3.49371E-01   7.20257E+00
         544   5.44000E+01   4.91589E+03  -3.18856E-13   2.37499E-12   0.00000E+00   3.48845E-01   7.21052E+00
         545   5.45000E+01   4.91589E+03  -3.21521E-13   2.37321E-12   0.00000E+00   3.48330E-01   7.21847E+00
         546   5.46000E+01   4.91589E+03  -3.19744E-13   2.36611E-12   0.00000E+00   3.47816E-01   7.22643E+00
         547   5.47000E+01   4.91589E+03  -3.23297E-13   2.35989E-12   0.00000E+00   3.47295E-01   7.23429E+00
         548   5.48000E+01   4.91589E+03  -3.17968E-13   2.35456E-12   0.00000E+00   3.46777E-01   7.24214E+00
         549   5.49000E+01   4.91589E+03  -3.12639E-13   2.35012E-12   0.00000E+00   3.46266E-01   7.25005E+00
         550   5.50000E+01   4.91589E+03  -3.16192E-13   2.34479E-12   0.00000E+00   3.45752E-01   7.25799E+00
         551   5.51000E+01   4.91589E+03  -3.10862E-13   2.33857E-12   0.00000E+00   3.45239E-01   7.26597E+00
         552   5.52000E+01   4.91589E+03  -3.07310E-13   2.33591E-12   0.00000E+00   3.44785E-01   7.27391E+00
         553   5.53000E+01   4.91589E+03  -3.01981E-13   2.33058E-12   0.00000E+00   3.44313E-01   7.28181E+00
         554   5.54000E+01   4.91589E+03  -2.85993E-13   2.32525E-12   0.00000E+00   3.43831E-01   7.28969E+00
         555   5.55000E+01   4.91589E+03  -2.82441E-13   2.32525E-12   0.00000E+00   3.43341E-01   7.29754E+00
         556   5.56000E+01   4.91589E+03  -2.75335E-13   2.32170E-12   0.00000E+00   3.42846E-01   7.30527E+00
         557   5.57000E+01   4.91589E+03  -2.71783E-13   2.30926E-12   0.00000E+00   3.42353E-01   7.31296E+00
         558   5.58000E+01   4.91589E+03  -2.64677E-13   2.30660E-12   0.00000E+00   3.41778E-01   7.32051E+00
         559   5.59000E+01   4.91589E+03  -2.61124E-13   2.30660E-12   0.00000E+00   3.41183E-01   7.32795E+00
         560   5.60000E+01   4.91589E+03  -2.52243E-13   2.30571E-12   0.00000E+00   3.40592E-01   7.33535E+00
         561   5.61000E+01   4.91589E+03  -2.46914E-13   2.30216E-12   0.00000E+00   3.39995E-01   7.34268E+00
         562   5.62000E+01   4.91589E+03  -2.42473E-13   2.29328E-12   0.00000E+00   3.39397E-01   7.34996E+00
         563   5.63000E+01   4.91589E+03  -2.35367E-13   2.28528E-12   0.00000E+00   3.38802E-01   7.35720E+00
         564   5.64000E+01   4.91589E+03  -2.30038E-13   2.28528E-12   0.00000E+00   3.38211E-01   7.36440E+00
         565   5.65000E+01   4.91589E+03  -2.26485E-13   2.27995E-12   0.00000E+00   3.37625E-01   7.37155E+00
         566   5.66000E+01   4.91589E+03  -2.21156E-13   2.27285E-12   0.00000E+00   3.37044E-01   7.37867E+00
         567   5.67000E+01   4.91589E+03  -2.12275E-13   2.27374E-12   0.00000E+00   3.36469E-01   7.38575E+00
         568   5.68000E+01   4.91589E+03  -2.10498E-13   2.27018E-12   0.00000E+00   3.35899E-01   7.39279E+00
         569   5.69000E+01   4.91589E+03  -2.00728E-13   2.27107E-12   0.00000E+00   3.35335E-01   7.39978E+00
         570   5.70000E+01   4.91589E+03  -1.95399E-13   2.26841E-12   0.00000E+00   3.34775E-01   7.40673E+00
         571   5.71000E+01   4.91589E+03  -1.99840E-13   2.26485E-12   0.00000E+00   3.34220E-01   7.41373E+00
         572   5.72000E+01   4.91589E+03  -1.90958E-13   2.26130E-12   0.00000E+00   3.33669E-01   7.42068E+00
         573   5.73000E+01   4.91589E+03  -1.92735E-13   2.25864E-12   0.00000E+00   3.33121E-01   7.42757E+00
         574   5.74000E+01   4.91589E+03  -1.87406E-13   2.25953E-12   0.00000E+00   3.32499E-01   7.43444E+00
         575   5.75000E+01   4.91589E+03  -1.84741E-13   2.26308E-12   0.00000E+00   3.31917E-01   7.44130E+00
         576   5.76000E+01   4.91589E+03  -1.86517E-13   2.26397E-12   0.00000E+00   3.31338E-01   7.44827E+00
         577   5.77000E+01   4.91589E+03  -1.86517E-13   2.26397E-12   0.00000E+00   3.30771E-01   7.45517E+00
         578   5.78000E+01   4.91589E+03  -1.97176E-13   2.26663E-12   0.00000E+00   3.30216E-01   7.46208E+00
         579   5.79000E+01   4.91589E+03  -1.92735E-13   2.27018E-12   0.00000E+00   3.29665E-01   7.46892E+00
         580   5.80000E+01   4.91589E+03  -1.98952E-13   2.27818E-12   0.00000E+00   3.29099E-01   7.47567E+00
         581   5.81000E+01   4.91589E+03  -1.96287E-13   2.28084E-12   0.00000E+00   3.28526E-01   7.48239E+00
         582   5.82000E+01   4.91589E+03  -1.97176E-13   2.28262E-12   0.00000E+00   3.27960E-01   7.48904E+00
         583   5.83000E+01   4.91589E+03  -1.98064E-13   2.28972E-12   0.00000E+00   3.27404E-01   7.49573E+00
         584   5.84000E+01   4.91589E+03  -1.99840E-13   2.29061E-12   0.00000E+00   3.26857E-01   7.50239E+00
         585   5.85000E+01   4.91589E+03  -2.02505E-13   2.29416E-12   0.00000E+00   3.26320E-01   7.50904E+00
         586   5.86000E+01   4.91589E+03  -2.03393E-13   2.29772E-12   0.00000E+00   3.25784E-01   7.51567E+00
         587   5.87000E+01   4.91589E+03  -2.04281E-13   2.30127E-12   0.00000E+00   3.25248E-01   7.52227E+00
         588   5.88000E+01   4.91589E+03  -2.01617E-13   2.30038E-12   0.00000E+00   3.24720E-01   7.52889E+00
         589   5.89000E+01   4.91589E+03  -2.05169E-13   2.30305E-12   0.00000E+00   3.24195E-01   7.53551E+00
         590   5.90000E+01   4.91589E+03  -2.06057E-13   2.30571E-12   0.00000E+00   3.23676E-01   7.54211E+00
         591   5.91000E+01   4.91589E+03  -2.01617E-13   2.30393E-12   0.00000E+00   3.23158E-01   7.54870E+00
         592   5.92000E+01   4.91589E+03  -2.00728E-13   2.29594E-12   0.00000E+00   3.22641E-01   7.55534E+00
         593   5.93000E+01   4.91589E+03  -1.98952E-13   2.29505E-12   0.00000E+00   3.22125E-01   7.56202E+00
         594   5.94000E+01   4.91589E+03  -1.97176E-13   2.29328E-12   0.00000E+00   3.21613E-01   7.56873E+00
         595   5.95000E+01   4.91589E+03  -2.02505E-13   2.28795E-12   0.00000E+00   3.21103E-01   7.57547E+00
         596   5.96000E+01   4.91589E+03  -2.06057E-13   2.28262E-12   0.00000E+00   3.20595E-01   7.58225E+00
         597   5.97000E+01   4.91589E+03  -2.09610E-13   2.27818E-12   0.00000E+00   3.20099E-01   7.58907E+00
         598   5.98000E+01   4.91589E+03  -2.09610E-13   2.26752E-12   0.00000E+00   3.19611E-01   7.59591E+00
         599   5.99000E+01   4.91589E+03  -2.16716E-13   2.26663E-12   0.00000E+00   3.19123E-01   7.60274E+00
         600   6.00000E+01   4.91589E+03  -2.21156E-13   2.26841E-12   0.00000E+00   3.18637E-01   7.60957E+00
         601   6.01000E+01   4.91589E+03  -2.21156E-13   2.26930E-12   0.00000E+00   3.18150E-01   7.61640E+00
         602   6.02000E+01   4.91589E+03  -2.20268E-13   2.26841E-12   0.00000E+00   3.17666E-01   7.62324E+00
         603   6.03000E+01   4.91589E+03  -2.23821E-13   2.27285E-12   0.00000E+00   3.17186E-01   7.63008E+00
         604   6.04000E+01   4.91589E+03  -2.30038E-13   2.27107E-12   0.00000E+00   3.16709E-01   7.63691E+00
         605   6.05000E+01   4.91589E+03  -2.46025E-13   2.26841E-12   0.00000E+00   3.16236E-01   7.64376E+00
         606   6.06000E+01   4.91589E+03  -2.47802E-13   2.26663E-12   0.00000E+00   3.15768E-01   7.65064E+00
         607   6.07000E+01   4.91589E+03  -2.49578E-13   2.26663E-12   0.00000E+00   3.15303E-01   7.65752E+00
         608   6.08000E+01   4.91589E+03  -2.54019E-13   2.26752E-12   0.00000E+00   3.14840E-01   7.66441E+00
         609   6.09000E+01   4.91589E+03  -2.62013E-13   2.26130E-12   0.00000E+00   3.14380E-01   7.67132E+00
         610   6.10000E+01   4.91589E+03  -2.67342E-13   2.26130E-12   0.00000E+00   3.13921E-01   7.67815E+00
         611   6.11000E+01   4.91589E+03  -2.70006E-13   2.25864E-12   0.00000E+00   3.13463E-01   7.68498E+00
         612   6.12000E+01   4.91589E+03  -2.75335E-13   2.25509E-12   0.00000E+00   3.13004E-01   7.69183E+00
         613   6.13000E+01   4.91589E+03  -2.78000E-13   2.25509E-12   0.00000E+00   3.12547E-01   7.69874E+00
         614   6.14000E+01   4.91589E+03  -2.79776E-13   2.25242E-12   0.00000E+00   3.12092E-01   7.70567E+00
         615   6.15000E+01   4.91589E+03  -2.84217E-13   2.25242E-12   0.00000E+00   3.11641E-01   7.71259E+00
         616   6.16000E+01   4.91589E+03  -2.85993E-13   2.24976E-12   0.00000E+00   3.11187E-01   7.71943E+00
         617   6.17000E+01   4.91589E+03  -2.91323E-13   2.25242E-12   0.00000E+00   3.10738E-01   7.72632E+00
         618   6.18000E+01   4.91589E+03  -2.99316E-13   2.24976E-12   0.00000E+00   3.10294E-01   7.73326E+00
         619   6.19000E+01   4.91589E+03  -3.04645E-13   2.24798E-12   0.00000E+00   3.09856E-01   7.74019E+00
         620   6.20000E+01   4.91589E+03  -3.17968E-13   2.24709E-12   0.00000E+00   3.09419E-01   7.74719E+00
         621   6.21000E+01   4.91589E+03  -3.28626E-13   2.24620E-12   0.00000E+00   3.08987E-01   7.75418E+00
         622   6.22000E+01   4.91589E+03  -3.32179E-13   2.24709E-12   0.00000E+00   3.08560E-01   7.76132E+00
         623   6.23000E+01   4.91589E+03  -3.41949E-13   2.24620E-12   0.00000E+00   3.08136E-01   7.76846E+00
         624   6.24000E+01   4.91589E+03  -3.53495E-13   2.24443E-12   0.00000E+00   3.07718E-01   7.77565E+00
         625   6.25000E+01   4.91589E+03  -3.61489E-13   2.24887E-12   0.00000E+00   3.07304E-01   7.78287E+00
         626   6.26000E+01   4.91589E+03  -3.70370E-13   2.24354E-12   0.00000E+00   3.06894E-01   7.79008E+00
         627   6.27000E+01   4.91589E+03  -3.81917E-13   2.24709E-12   0.00000E+00   3.06487E-01   7.79737E+00
         628   6.28000E+01   4.91589E+03  -3.91687E-13   2.24620E-12   0.00000E+00   3.06086E-01   7.80466E+00
         629   6.29000E+01   4.91589E+03  -4.02345E-13   2.24532E-12   0.00000E+00   3.05691E-01   7.81201E+00
         630   6.30000E+01   4.91589E+03  -4.13003E-13   2.24443E-12   0.00000E+00   3.05302E-01   7.81941E+00
         631   6.31000E+01   4.91589E+03  -4.24549E-13   2.24265E-12   0.00000E+00   3.04920E-01   7.82683E+00
         632   6.32000E+01   4.91589E+03  -4.36984E-13   2.24709E-12   0.00000E+00   3.04543E-01   7.83429E+00
         633   6.33000E+01   4.91589E+03  -4.39648E-13   2.24709E-12   0.00000E+00   3.04170E-01   7.84177E+00
         634   6.34000E+01   4.91589E+03  -4.47642E-13   2.24887E-12   0.00000E+00   3.03799E-01   7.84929E+00
         635   6.35000E+01   4.91589E+03  -4.51195E-13   2.24709E-12   0.00000E+00   3.03429E-01   7.85680E+00
         636   6.36000E+01   4.91589E+03  -4.49418E-13   2.24887E-12   0.00000E+00   3.03058E-01   7.86434E+00
         637   6.37000E+01   4.91589E+03  -4.51195E-13   2.24709E-12   0.00000E+00   3.02687E-01   7.87187E+00
         638   6.38000E+01   4.91589E+03  -4.51195E-13   2.24887E-12   0.00000E+00   3.02315E-01   7.87941E+00
         639   6.39000E+01   4.91589E+03  -4.52971E-13   2.25331E-12   0.00000E+00   3.01943E-01   7.88689E+00
         640   6.40000E+01   4.91589E+03  -4.52971E-13   2.24798E-12   0.00000E+00   3.01573E-01   7.89438E+00
         641   6.41000E+01   4.91589E+03  -4.57412E-13   2.24887E-12   0.00000E+00   3.01204E-01   7.90188E+00
         642   6.42000E+01   4.91589E+03  -4.68070E-13   2.24798E-12   0.00000E+00   3.00836E-01   7.90938E+00
         643   6.43000E+01   4.91589E+03  -4.63629E-13   2.24620E-12   0.00000E+00   3.00470E-01   7.91688E+00
         644   6.44000E+01   4.91589E+03  -4.70735E-13   2.24354E-12   0.00000E+00   3.00104E-01   7.92436E+00
         645   6.45000E+01   4.91589E+03  -4.69846E-13   2.24176E-12   0.00000E+00   2.99735E-01   7.93189E+00
         646   6.46000E+01   4.91589E+03  -4.67182E-13   2.23732E-12   0.00000E+00   2.99367E-01   7.93940E+00
         647   6.47000E+01   4.91589E+03  -4.61853E-13   2.23643E-12   0.00000E+00   2.98987E-01   7.94697E+00
         648   6.48000E+01   4.91589E+03  -4.66294E-13   2.23288E-12   0.00000E+00   2.98603E-01   7.95453E+00
         649   6.49000E+01   4.91589E+03  -4.67182E-13   2.23288E-12   0.00000E+00   2.98218E-01   7.96211E+00
         650   6.50000E+01   4.91589E+03  -4.69846E-13   2.23199E-12   0.00000E+00   2.97835E-01   7.96972E+00
         651   6.51000E+01   4.91589E+03  -4.69846E-13   2.22755E-12   0.00000E+00   2.97454E-01   7.97735E+00
         652   6.52000E+01   4.91589E+03  -4.67182E-13   2.22311E-12   0.00000E+00   2.97074E-01   7.98498E+00
         653   6.53000E+01   4.91589E+03  -4.70735E-13   2.22666E-12   0.00000E+00   2.96702E-01   7.99264E+00
         654   6.54000E+01   4.91589E+03  -4.65405E-13   2.22045E-12   0.00000E+00   2.96329E-01   8.00028E+00
         655   6.55000E+01   4.91589E+03  -4.66294E-13   2.21778E-12   0.00000E+00   2.95957E-01   8.00792E+00
         656   6.56000E+01   4.91589E+03  -4.64517E-13   2.21689E-12   0.00000E+00   2.95586E-01   8.01558E+00
         657   6.57000E+01   4.91589E+03  -4.59188E-13   2.21378E-12   0.00000E+00   2.95230E-01   8.02321E+00
         658   6.58000E+01   4.91589E+03  -4.60076E-13   2.20890E-12   0.00000E+00   2.94876E-01   8.03083E+00
         659   6.59000E+01   4.91589E+03  -4.60076E-13   2.20757E-12   0.00000E+00   2.94525E-01   8.03845E+00
         660   6.60000E+01   4.91589E+03  -4.60965E-13   2.20401E-12   0.00000E+00   2.94176E-01   8.04605E+00
         661   6.61000E+01   4.91589E+03  -4.62741E-13   2.20357E-12   0.00000E+00   2.93826E-01   8.05365E+00
         662   6.62000E+01   4.91589E+03  -4.56524E-13   2.20179E-12   0.00000E+00   2.93480E-01   8.06124E+00
         663   6.63000E+01   4.91589E+03  -4.59188E-13   2.19780E-12   0.00000E+00   2.93138E-01   8.06882E+00
         664   6.64000E+01   4.91589E+03  -4.57412E-13   2.19647E-12   0.00000E+00   2.92798E-01   8.07637E+00
         665   6.65000E+01   4.91589E+03  -4.54747E-13   2.19647E-12   0.00000E+00   2.92463E-01   8.08392E+00
         666   6.66000E+01   4.91589E+03  -4.56524E-13   2.19691E-12   0.00000E+00   2.92135E-01   8.09148E+00
         667   6.67000E+01   4.91589E+03  -4.62741E-13   2.19780E-12   0.00000E+00   2.91814E-01   8.09905E+00
         668   6.68000E+01   4.91589E+03  -4.60076E-13   2.19957E-12   0.00000E+00   2.91495E-01   8.10662E+00
         669   6.69000E+01   4.91589E+03  -4.58300E-13   2.20179E-12   0.00000E+00   2.91179E-01   8.11418E+00
         670   6.70000E+01   4.91589E+03  -4.63629E-13   2.20268E-12   0.00000E+00   2.90841E-01   8.12180E+00
         671   6.71000E+01   4.91589E+03  -4.66294E-13   2.20357E-12   0.00000E+00   2.90504E-01   8.12943E+00
         672   6.72000E+01   4.91589E+03  -4.69846E-13   2.20490E-12   0.00000E+00   2.90169E-01   8.13712E+00
         673   6.73000E+01   4.91589E+03  -4.78728E-13   2.20179E-12   0.00000E+00   2.89834E-01   8.14485E+00
         674   6.74000E+01   4.91589E+03  -4.82281E-13   2.19913E-12   0.00000E+00   2.89503E-01   8.15257E+00
         675   6.75000E+01   4.91589E+03  -4.86722E-13   2.20446E-12   0.00000E+00   2.89172E-01   8.16026E+00
         676   6.76000E+01   4.91589E+03  -4.92051E-13   2.21068E-12   0.00000E+00   2.88838E-01   8.16792E+00
         677   6.77000E+01   4.91589E+03  -4.97380E-13   2.21734E-12   0.00000E+00   2.88506E-01   8.17557E+00
         678   6.78000E+01   4.91589E+03  -4.97380E-13   2.22000E-12   0.00000E+00   2.88175E-01   8.18320E+00
         679   6.79000E+01   4.91589E+03  -5.06262E-13   2.22133E-12   0.00000E+00   2.87848E-01   8.19077E+00
         680   6.80000E+01   4.91589E+03  -5.08038E-13   2.22222E-12   0.00000E+00   2.87494E-01   8.19835E+00
         681   6.81000E+01   4.91589E+03  -5.11591E-13   2.22222E-12   0.00000E+00   2.87148E-01   8.20591E+00
         682   6.82000E+01   4.91589E+03  -5.13367E-13   2.21823E-12   0.00000E+00   2.86804E-01   8.21345E+00
         683   6.83000E+01   4.91589E+03  -5.18696E-13   2.21956E-12   0.00000E+00   2.86461E-01   8.22097E+00
         684   6.84000E+01   4.91589E+03  -5.16920E-13   2.22089E-12   0.00000E+00   2.86121E-01   8.22843E+00
         685   6.85000E+01   4.91589E+03  -5.15143E-13   2.22489E-12   0.00000E+00   2.85784E-01   8.23588E+00
         686   6.86000E+01   4.91589E+03  -5.11591E-13   2.22489E-12   0.00000E+00   2.85449E-01   8.24331E+00
         687   6.87000E+01   4.91589E+03  -5.16032E-13   2.22933E-12   0.00000E+00   2.85116E-01   8.25072E+00
         688   6.88000E+01   4.91589E+03  -5.21361E-13   2.23110E-12   0.00000E+00   2.84786E-01   8.25810E+00
         689   6.89000E+01   4.91589E+03  -5.22249E-13   2.23643E-12   0.00000E+00   2.84455E-01   8.26544E+00
         690   6.90000E+01   4.91589E+03  -5.28466E-13   2.24132E-12   0.00000E+00   2.84132E-01   8.27278E+00
         691   6.91000E+01   4.91589E+03  -5.31131E-13   2.24487E-12   0.00000E+00   2.83804E-01   8.28009E+00
         692   6.92000E+01   4.91589E+03  -5.40012E-13   2.25020E-12   0.00000E+00   2.83479E-01   8.28740E+00
         693   6.93000E+01   4.91589E+03  -5.45342E-13   2.25331E-12   0.00000E+00   2.83155E-01   8.29471E+00
         694   6.94000E+01   4.91589E+03  -5.54223E-13   2.25775E-12   0.00000E+00   2.82833E-01   8.30202E+00
         695   6.95000E+01   4.91589E+03  -5.58664E-13   2.26175E-12   0.00000E+00   2.82513E-01   8.30935E+00
         696   6.96000E+01   4.91589E+03  -5.61329E-13   2.26708E-12   0.00000E+00   2.82194E-01   8.31667E+00
         697   6.97000E+01   4.91589E+03  -5.61329E-13   2.27329E-12   0.00000E+00   2.81893E-01   8.32397E+00
         698   6.98000E+01   4.91589E+03  -5.59552E-13   2.27107E-12   0.00000E+00   2.81592E-01   8.33126E+00
         699   6.99000E+01   4.91589E+03  -5.62217E-13   2.27107E-12   0.00000E+00   2.81291E-01   8.33856E+00
         700   7.00000E+01   4.91589E+03  -5.64881E-13   2.27507E-12   0.00000E+00   2.80990E-01   8.34586E+00
         701   7.01000E+01   4.91589E+03  -5.63993E-13   2.27507E-12   0.00000E+00   2.80691E-01   8.35324E+00
         702   7.02000E+01   4.91589E+03  -5.71987E-13   2.27462E-12   0.00000E+00   2.80393E-01   8.36061E+00
         703   7.03000E+01   4.91589E+03  -5.74651E-13   2.27951E-12   0.00000E+00   2.80101E-01   8.36799E+00
         704   7.04000E+01   4.91589E+03  -5.72875E-13   2.27907E-12   0.00000E+00   2.79814E-01   8.37538E+00
         705   7.05000E+01   4.91589E+03  -5.73763E-13   2.28129E-12   0.00000E+00   2.79528E-01   8.38276E+00
         706   7.06000E+01   4.91589E+03  -5.75540E-13   2.28439E-12   0.00000E+00   2.79247E-01   8.39013E+00
         707   7.07000E+01   4.91589E+03  -5.84421E-13   2.28706E-12   0.00000E+00   2.78968E-01   8.39754E+00
         708   7.08000E+01   4.91589E+03  -5.89750E-13   2.29416E-12   0.00000E+00   2.78681E-01   8.40496E+00
         709   7.09000E+01   4.91589E+03  -5.89750E-13   2.30038E-12   0.00000E+00   2.78396E-01   8.41236E+00
         710   7.10000E+01   4.91589E+03  -5.96856E-13   2.30438E-12   0.00000E+00   2.78111E-01   8.41979E+00
         711   7.11000E+01   4.91589E+03  -5.98632E-13   2.30660E-12   0.00000E+00   2.77827E-01   8.42712E+00
         712   7.12000E+01   4.91589E+03  -6.05738E-13   2.31104E-12   0.00000E+00   2.77547E-01   8.43454E+00
         713   7.13000E+01   4.91589E+03  -6.07514E-13   2.31637E-12   0.00000E+00   2.77273E-01   8.44195E+00
         714   7.14000E+01   4.91589E+03  -6.08402E-13   2.31903E-12   0.00000E+00   2.77002E-01   8.44925E+00
         715   7.15000E+01   4.91589E+03  -6.16396E-13   2.31948E-12   0.00000E+00   2.76735E-01   8.45664E+00
         716   7.16000E+01   4.91589E+03  -6.16396E-13   2.31948E-12   0.00000E+00   2.76490E-01   8.46393E+00
         717   7.17000E+01   4.91589E+03  -6.27942E-13   2.32081E-12   0.00000E+00   2.76239E-01   8.47129E+00
         718   7.18000E+01   4.91589E+03  -6.32383E-13   2.32481E-12   0.00000E+00   2.75979E-01   8.47854E+00
         719   7.19000E+01   4.91589E+03  -6.37712E-13   2.32836E-12   0.00000E+00   2.75706E-01   8.48577E+00
         720   7.20000E+01   4.91589E+03  -6.35936E-13   2.32836E-12   0.00000E+00   2.75426E-01   8.49304E+00
         721   7.21000E+01   4.91589E+03  -6.34159E-13   2.32703E-12   0.00000E+00   2.75134E-01   8.50033E+00
         722   7.22000E+01   4.91589E+03  -6.34159E-13   2.33324E-12   0.00000E+00   2.74792E-01   8.50754E+00
         723   7.23000E+01   4.91589E+03  -6.38600E-13   2.33324E-12   0.00000E+00   2.74481E-01   8.51470E+00
         724   7.24000E+01   4.91589E+03  -6.41265E-13   2.34257E-12   0.00000E+00   2.74169E-01   8.52186E+00
         725   7.25000E+01   4.91589E+03  -6.37712E-13   2.34834E-12   0.00000E+00   2.73850E-01   8.52891E+00
         726   7.26000E+01   4.91589E+03  -6.35936E-13   2.35145E-12   0.00000E+00   2.73524E-01   8.53586E+00
         727   7.27000E+01   4.91589E+03  -6.35936E-13   2.35456E-12   0.00000E+00   2.73201E-01   8.54282E+00
         728   7.28000E+01   4.91589E+03  -6.31495E-13   2.35856E-12   0.00000E+00   2.72890E-01   8.54979E+00
         729   7.29000E+01   4.91589E+03  -6.29718E-13   2.35900E-12   0.00000E+00   2.72581E-01   8.55675E+00
         730   7.30000E+01   4.91589E+03  -6.30607E-13   2.35945E-12   0.00000E+00   2.72277E-01   8.56385E+00
         731   7.31000E+01   4.91589E+03  -6.33271E-13   2.36078E-12   0.00000E+00   2.71973E-01   8.57094E+00
         732   7.32000E+01   4.91589E+03  -6.28830E-13   2.36122E-12   0.00000E+00   2.71670E-01   8.57806E+00
         733   7.33000E+01   4.91589E+03  -6.32383E-13   2.35900E-12   0.00000E+00   2.71367E-01   8.58515E+00
         734   7.34000E+01   4.91589E+03  -6.35048E-13   2.35678E-12   0.00000E+00   2.71064E-01   8.59224E+00
         735   7.35000E+01   4.91589E+03  -6.38600E-13   2.35900E-12   0.00000E+00   2.70763E-01   8.59932E+00
         736   7.36000E+01   4.91589E+03  -6.40377E-13   2.36122E-12   0.00000E+00   2.70460E-01   8.60641E+00
         737   7.37000E+01   4.91589E+03  -6.44818E-13   2.36255E-12   0.00000E+00   2.70157E-01   8.61353E+00
         738   7.38000E+01   4.91589E+03  -6.40377E-13   2.36122E-12   0.00000E+00   2.69852E-01   8.62067E+00
         739   7.39000E+01   4.91589E+03  -6.44818E-13   2.36122E-12   0.00000E+00   2.69544E-01   8.62782E+00
         740   7.40000E+01   4.91589E+03  -6.50147E-13   2.36344E-12   0.00000E+00   2.69240E-01   8.63500E+00
         741   7.41000E+01   4.91589E+03  -6.50147E-13   2.36700E-12   0.00000E+00   2.68933E-01   8.64218E+00
         742   7.42000E+01   4.91589E+03  -6.57252E-13   2.36788E-12   0.00000E+00   2.68623E-01   8.64938E+00
         743   7.43000E+01   4.91589E+03  -6.60805E-13   2.36922E-12   0.00000E+00   2.68317E-01   8.65658E+00
         744   7.44000E+01   4.91589E+03  -6.63469E-13   2.37188E-12   0.00000E+00   2.68011E-01   8.66379E+00
         745   7.45000E+01   4.91589E+03  -6.69687E-13   2.37277E-12   0.00000E+00   2.67704E-01   8.67103E+00
         746   7.46000E+01   4.91589E+03  -6.71463E-13   2.37321E-12   0.00000E+00   2.67394E-01   8.67830E+00
         747   7.47000E+01   4.91589E+03  -6.80345E-13   2.37410E-12   0.00000E+00   2.67088E-01   8.68558E+00
         748   7.48000E+01   4.91589E+03  -6.79456E-13   2.37588E-12   0.00000E+00   2.66785E-01   8.69288E+00
         749   7.49000E+01   4.91589E+03  -6.89226E-13   2.37810E-12   0.00000E+00   2.66490E-01   8.70015E+00
         750   7.50000E+01   4.91589E+03  -6.97220E-13   2.37943E-12   0.00000E+00   2.66199E-01   8.70744E+00
         751   7.51000E+01   4.91589E+03  -7.01661E-13   2.38121E-12   0.00000E+00   2.65906E-01   8.71473E+00
         752   7.52000E+01   4.91589E+03  -7.09655E-13   2.38431E-12   0.00000E+00   2.65610E-01   8.72195E+00
         753   7.53000E+01   4.91589E+03  -7.10543E-13   2.38565E-12   0.00000E+00   2.65309E-01   8.72918E+00
         754   7.54000E+01   4.91589E+03  -7.18536E-13   2.38209E-12   0.00000E+00   2.65005E-01   8.73641E+00
         755   7.55000E+01   4.91589E+03  -7.21201E-13   2.38654E-12   0.00000E+00   2.64698E-01   8.74364E+00
         756   7.56000E+01   4.91589E+03  -7.23865E-13   2.38742E-12   0.00000E+00   2.64391E-01   8.75089E+00
         757   7.57000E+01   4.91589E+03  -7.28306E-13   2.39186E-12   0.00000E+00   2.64079E-01   8.75815E+00
         758   7.58000E+01   4.91589E+03  -7.35412E-13   2.38609E-12   0.00000E+00   2.63763E-01   8.76543E+00
         759   7.59000E+01   4.91589E+03  -7.34524E-13   2.38609E-12   0.00000E+00   2.63447E-01   8.77272E+00
         760   7.60000E+01   4.91589E+03  -7.41629E-13   2.38609E-12   0.00000E+00   2.63130E-01   8.78002E+00
         761   7.61000E+01   4.91589E+03  -7.42517E-13   2.38565E-12   0.00000E+00   2.62815E-01   8.78733E+00
         762   7.62000E+01   4.91589E+03  -7.39853E-13   2.38520E-12   0.00000E+00   2.62502E-01   8.79468E+00
         763   7.63000E+01   4.91589E+03  -7.43405E-13   2.38298E-12   0.00000E+00   2.62189E-01   8.80204E+00
         764   7.64000E+01   4.91589E+03  -7.41629E-13   2.38298E-12   0.00000E+00   2.61867E-01   8.80937E+00
         765   7.65000E+01   4.91589E+03  -7.48734E-13   2.38565E-12   0.00000E+00   2.61536E-01   8.81677E+00
         766   7.66000E+01   4.91589E+03  -7.45182E-13   2.38654E-12   0.00000E+00   2.61206E-01   8.82417E+00
         767   7.67000E+01   4.91589E+03  -7.46070E-13   2.38742E-12   0.00000E+00   2.60879E-01   8.83160E+00
         768   7.68000E+01   4.91589E+03  -7.48734E-13   2.38654E-12   0.00000E+00   2.60545E-01   8.83918E+00
         769   7.69000E+01   4.91589E+03  -7.50511E-13   2.38565E-12   0.00000E+00   2.60213E-01   8.84681E+00
         770   7.70000E+01   4.91589E+03  -7.45182E-13   2.38165E-12   0.00000E+00   2.59884E-01   8.85446E+00
         771   7.71000E+01   4.91589E+03  -7.38964E-13   2.37854E-12   0.00000E+00   2.59561E-01   8.86212E+00
         772   7.72000E+01   4.91589E+03  -7.44294E-13   2.37943E-12   0.00000E+00   2.59241E-01   8.86980E+00
         773   7.73000E+01   4.91589E+03  -7.41629E-13   2.37987E-12   0.00000E+00   2.58923E-01   8.87747E+00
         774   7.74000E+01   4.91589E+03  -7.40741E-13   2.37854E-12   0.00000E+00   2.58607E-01   8.88515E+00
         775   7.75000E+01   4.91589E+03  -7.45182E-13   2.37987E-12   0.00000E+00   2.58294E-01   8.89282E+00
         776   7.76000E+01   4.91589E+03  -7.43405E-13   2.38076E-12   0.00000E+00   2.57982E-01   8.90050E+00
         777   7.77000E+01   4.91589E+03  -7.46958E-13   2.37899E-12   0.00000E+00   2.57668E-01   8.90806E+00
         778   7.78000E+01   4.91589E+03  -7.44294E-13   2.38121E-12   0.00000E+00   2.57358E-01   8.91563E+00
         779   7.79000E+01   4.91589E+03  -7.48734E-13   2.38032E-12   0.00000E+00   2.57054E-01   8.92321E+00
         780   7.80000E+01   4.91589E+03  -7.47846E-13   2.37854E-12   0.00000E+00   2.56750E-01   8.93079E+00
         781   7.81000E+01   4.91589E+03  -7.55840E-13   2.37810E-12   0.00000E+00   2.56427E-01   8.93838E+00
         782   7.82000E+01   4.91589E+03  -7.56728E-13   2.37677E-12   0.00000E+00   2.56114E-01   8.94598E+00
         783   7.83000E+01   4.91589E+03  -7.58504E-13   2.37854E-12   0.00000E+00   2.55805E-01   8.95356E+00
         784   7.84000E+01   4.91589E+03  -7.59393E-13   2.37899E-12   0.00000E+00   2.55499E-01   8.96114E+00
         785   7.85000E+01   4.91589E+03  -7.60281E-13   2.38209E-12   0.00000E+00   2.55199E-01   8.96870E+00
         786   7.86000E+01   4.91589E+03  -7.63833E-13   2.38387E-12   0.00000E+00   2.54897E-01   8.97630E+00
         787   7.87000E+01   4.91589E+03  -7.62057E-13   2.38520E-12   0.00000E+00   2.54598E-01   8.98388E+00
         788   7.88000E+01   4.91589E+03  -7.49623E-13   2.38565E-12   0.00000E+00   2.54295E-01   8.99147E+00
         789   7.89000E+01   4.91589E+03  -7.49623E-13   2.38787E-12   0.00000E+00   2.53998E-01   8.99904E+00
         790   7.90000E+01   4.91589E+03  -7.45182E-13   2.38920E-12   0.00000E+00   2.53704E-01   9.00661E+00
         791   7.91000E+01   4.91589E+03  -7.36300E-13   2.38698E-12   0.00000E+00   2.53412E-01   9.01417E+00
         792   7.92000E+01   4.91589E+03  -7.31859E-13   2.39275E-12   0.00000E+00   2.53123E-01   9.02172E+00
         793   7.93000E+01   4.91589E+03  -7.24754E-13   2.39275E-12   0.00000E+00   2.52837E-01   9.02927E+00
         794   7.94000E+01   4.91589E+03  -7.22089E-13   2.39586E-12   0.00000E+00   2.52555E-01   9.03680E+00
         795   7.95000E+01   4.91589E+03  -7.14095E-13   2.39808E-12   0.00000E+00   2.52275E-01   9.04432E+00
         796   7.96000E+01   4.91589E+03  -7.12319E-13   2.39986E-12   0.00000E+00   2.51999E-01   9.05183E+00
         797   7.97000E+01   4.91589E+03  -7.12319E-13   2.40341E-12   0.00000E+00   2.51726E-01   9.05933E+00
         798   7.98000E+01   4.91589E+03  -7.13207E-13   2.40963E-12   0.00000E+00   2.51446E-01   9.06684E+00
         799   7.99000E+01   4.91589E+03  -7.14095E-13   2.41096E-12   0.00000E+00   2.51169E-01   9.07433E+00
         800   8.00000E+01   4.91589E+03  -7.11431E-13   2.41318E-12   0.00000E+00   2.50894E-01   9.08180E+00
         801   8.01000E+01   4.91589E+03  -7.10543E-13   2.41052E-12   0.00000E+00   2.50622E-01   9.08926E+00
         802   8.02000E+01   4.91589E+03  -7.07878E-13   2.41229E-12   0.00000E+00   2.50352E-01   9.09669E+00
         803   8.03000E+01   4.91589E+03  -7.10543E-13   2.41496E-12   0.00000E+00   2.50085E-01   9.10409E+00
         804   8.04000E+01   4.91589E+03  -7.14095E-13   2.41807E-12   0.00000E+00   2.49820E-01   9.11148E+00
         805   8.05000E+01   4.91589E+03  -7.19425E-13   2.42917E-12   0.00000E+00   2.49556E-01   9.11887E+00
         806   8.06000E+01   4.91589E+03  -7.19425E-13   2.43361E-12   0.00000E+00   2.49292E-01   9.12627E+00
         807   8.07000E+01   4.91589E+03  -7.22977E-13   2.43450E-12   0.00000E+00   2.49030E-01   9.13365E+00
         808   8.08000E+01   4.91589E+03  -7.17648E-13   2.43849E-12   0.00000E+00   2.48768E-01   9.14101E+00
         809   8.09000E+01   4.91589E+03  -7.24754E-13   2.43805E-12   0.00000E+00   2.48507E-01   9.14835E+00
         810   8.10000E+01   4.91589E+03  -7.24754E-13   2.44516E-12   0.00000E+00   2.48254E-01   9.15568E+00
         811   8.11000E+01   4.91589E+03  -7.16760E-13   2.44693E-12   0.00000E+00   2.48000E-01   9.16287E+00
         812   8.12000E+01   4.91589E+03  -7.21201E-13   2.45093E-12   0.00000E+00   2.47750E-01   9.17008E+00
         813   8.13000E+01   4.91589E+03  -7.15872E-13   2.45093E-12   0.00000E+00   2.47502E-01   9.17729E+00
         814   8.14000E+01   4.91589E+03  -7.11431E-13   2.45004E-12   0.00000E+00   2.47256E-01   9.18450E+00
         815   8.15000E+01   4.91589E+03  -7.09655E-13   2.45315E-12   0.00000E+00   2.47012E-01   9.19170E+00
         816   8.16000E+01   4.91589E+03  -7.10543E-13   2.45670E-12   0.00000E+00   2.46769E-01   9.19888E+00
         817   8.17000E+01   4.91589E+03  -7.08766E-13   2.46336E-12   0.00000E+00   2.46531E-01   9.20605E+00
         818   8.18000E+01   4.91589E+03  -7.04325E-13   2.46780E-12   0.00000E+00   2.46296E-01   9.21321E+00
         819   8.19000E+01   4.91589E+03  -7.05214E-13   2.46736E-12   0.00000E+00   2.46064E-01   9.22035E+00
         820   8.20000E+01   4.91589E+03  -7.03437E-13   2.47180E-12   0.00000E+00   2.45833E-01   9.22750E+00
         821   8.21000E+01   4.91589E+03  -7.03437E-13   2.47491E-12   0.00000E+00   2.45606E-01   9.23462E+00
         822   8.22000E+01   4.91589E+03  -6.99885E-13   2.47891E-12   0.00000E+00   2.45390E-01   9.24171E+00
         823   8.23000E+01   4.91589E+03  -6.98996E-13   2.48512E-12   0.00000E+00   2.45177E-01   9.24878E+00
         824   8.24000E+01   4.91589E+03  -6.87450E-13   2.48868E-12   0.00000E+00   2.44967E-01   9.25582E+00
         825   8.25000E+01   4.91589E+03  -6.83897E-13   2.49134E-12   0.00000E+00   2.44759E-01   9.26285E+00
         826   8.26000E+01   4.91589E+03  -6.82121E-13   2.49045E-12   0.00000E+00   2.44552E-01   9.26988E+00
         827   8.27000E+01   4.91589E+03  -6.80345E-13   2.49178E-12   0.00000E+00   2.44335E-01   9.27689E+00
         828   8.28000E+01   4.91589E+03  -6.66134E-13   2.49623E-12   0.00000E+00   2.44121E-01   9.28388E+00
