        Step          Time          Mass    Momentum_x    Momentum_y    Momentum_z       Kinetic           l_f
           0   0.00000E+00   1.55031E+01   0.00000E+00   0.00000E+00   0.00000E+00   1.00000E+00   2.94978-153
           1   1.00000E-01   1.55031E+01   4.33681E-16  -1.67574E-15   0.00000E+00   8.56583E-01   2.94978-153
           2   2.00000E-01   1.55031E+01   5.14346E-16  -1.52829E-15   0.00000E+00   7.51847E-01   2.94978-153
           3   3.00000E-01   1.55031E+01   6.40980E-16  -1.39125E-15   0.00000E+00   6.70418E-01   2.94978-153
           4   4.00000E-01   1.55031E+01   8.26596E-16  -7.06900E-15   0.00000E+00   5.99064E-01   2.94978-153
           5   5.00000E-01   1.55031E+01   8.03177E-16  -8.72219E-15   0.00000E+00   5.41637E-01   2.94978-153
           6   6.00000E-01   1.55031E+01   3.57353E-16  -6.39593E-15   0.00000E+00   4.94571E-01   2.94978-153
           7   7.00000E-01   1.55031E+01   6.23633E-16  -7.19216E-15   0.00000E+00   4.54849E-01   2.94978-153
           8   8.00000E-01   1.55031E+01   3.58220E-16  -6.27276E-15   0.00000E+00   4.20881E-01   2.94978-153
           9   9.00000E-01   1.55031E+01   3.62557E-16  -6.66828E-15   0.00000E+00   3.91805E-01   2.94978-153
          10   1.00000E+00   1.55031E+01   4.16334E-16  -6.65787E-15   0.00000E+00   3.66633E-01   2.94978-153
          11   1.10000E+00   1.55031E+01   4.33247E-16  -7.17135E-15   0.00000E+00   3.44152E-01   2.94978-153
          12   1.20000E+00   1.55031E+01   5.60316E-16  -6.93716E-15   0.00000E+00   3.23790E-01   2.94978-153
          13   1.30000E+00   1.55031E+01   7.88432E-16  -7.01696E-15   0.00000E+00   3.05750E-01   2.94978-153
          14   1.40000E+00   1.55031E+01   9.51930E-16  -7.26155E-15   0.00000E+00   2.89671E-01   2.94978-153
          15   1.50000E+00   1.55031E+01   1.03086E-15  -7.54431E-15   0.00000E+00   2.75039E-01   2.94978-153
          16   1.60000E+00   1.55031E+01   8.80589E-16  -7.63452E-15   0.00000E+00   2.61825E-01   2.94978-153
          17   1.70000E+00   1.55031E+01   1.05493E-15  -7.59115E-15   0.00000E+00   2.49838E-01   2.94978-153
          18   1.80000E+00   1.55031E+01   1.09179E-15  -6.50868E-15   0.00000E+00   2.38884E-01   2.94978-153
          19   1.90000E+00   1.55031E+01  -2.55265E-15   4.26742E-16   0.00000E+00   2.28734E-01   2.94978-153
          20   2.00000E+00   1.55031E+01  -2.73848E-15   5.70724E-16   0.00000E+00   2.19346E-01   2.94978-153
          21   2.10000E+00   1.55031E+01  -2.65630E-15   8.98587E-16   0.00000E+00   2.10696E-01   2.94978-153
          22   2.20000E+00   1.55031E+01  -2.66345E-15  -1.59595E-16   0.00000E+00   2.02089E-01   2.94978-153
          23   2.30000E+00   1.55031E+01  -2.52175E-15   1.14492E-16   0.00000E+00   1.93874E-01   2.94978-153
          24   2.40000E+00   1.55031E+01  -2.37570E-15   1.59595E-16   0.00000E+00   1.86297E-01   2.94978-153
          25   2.50000E+00   1.55031E+01  -2.25514E-15  -3.08781E-16   0.00000E+00   1.79286E-01   2.94978-153
          26   2.60000E+00   1.55031E+01  -2.09620E-15  -1.63064E-16   0.00000E+00   1.72771E-01   2.94978-153
          27   2.70000E+00   1.55031E+01  -2.00740E-15  -5.41234E-16   0.00000E+00   1.66698E-01   2.94978-153
          28   2.80000E+00   1.55031E+01  -1.87936E-15  -6.86950E-16   0.00000E+00   1.61024E-01   2.94978-153
          29   2.90000E+00   1.55031E+01  -1.70231E-15  -3.53884E-16   0.00000E+00   1.55702E-01   2.94978-153
          30   3.00000E+00   1.55031E+01  -1.62533E-15   4.48253E-15   0.00000E+00   1.50707E-01   2.94977-153
          31   3.10000E+00   1.55031E+01  -1.57925E-15   4.10089E-15   0.00000E+00   1.46009E-01   2.94977-153
          32   3.20000E+00   1.55031E+01  -1.47061E-15   4.21191E-15   0.00000E+00   1.41575E-01   2.94977-153
          33   3.30000E+00   1.55031E+01  -1.34951E-15   4.24313E-15   0.00000E+00   1.37387E-01   2.94977-153
          34   3.40000E+00   1.55031E+01  -1.40892E-15   4.48253E-15   0.00000E+00   1.33427E-01   2.94976-153
          35   3.50000E+00   1.55031E+01  -1.32709E-15   3.55271E-15   0.00000E+00   1.29676E-01   2.94976-153
          36   3.60000E+00   1.55031E+01  -1.28576E-15   3.63598E-15   0.00000E+00   1.26119E-01   2.94977-153
          37   3.70000E+00   1.55031E+01  -1.21376E-15   3.61516E-15   0.00000E+00   1.22742E-01   2.94973-153
          38   3.80000E+00   1.55031E+01  -1.22049E-15   3.62904E-15   0.00000E+00   1.19534E-01   2.94965-153
          39   3.90000E+00   1.55031E+01  -1.14774E-15   3.63598E-15   0.00000E+00   1.16480E-01   2.95175-153
          40   4.00000E+00   1.55031E+01  -1.15999E-15   3.77476E-15   0.00000E+00   1.13572E-01   2.94816-153
          41   4.10000E+00   1.55031E+01  -1.09862E-15   3.60129E-15   0.00000E+00   1.10799E-01   2.94026-153
          42   4.20000E+00   1.55031E+01  -1.11732E-15   3.70537E-15   0.00000E+00   1.08152E-01   2.94856-153
          43   4.30000E+00   1.55031E+01  -1.03764E-15   3.58047E-15   0.00000E+00   1.05542E-01   2.96241-153
          44   4.40000E+00   1.55031E+01  -1.04761E-15   3.60129E-15   0.00000E+00   1.03048E-01   2.99857-153
          45   4.50000E+00   1.55031E+01  -1.00099E-15   3.68455E-15   0.00000E+00   1.00661E-01   3.09423-153
          46   4.60000E+00   1.55031E+01  -1.05992E-15   3.67761E-15   0.00000E+00   9.83755E-02   3.30964-153
          47   4.70000E+00   1.55031E+01  -1.01308E-15   3.74700E-15   0.00000E+00   9.61855E-02   2.75492-153
          48   4.80000E+00   1.55031E+01  -1.07564E-15   3.76782E-15   0.00000E+00   9.41088E-02   3.82706-153
          49   4.90000E+00   1.55031E+01  -1.13332E-15   3.69149E-15   0.00000E+00   9.21148E-02   3.94826-153
          50   5.00000E+00   1.55031E+01  -1.13321E-15   3.75394E-15   0.00000E+00   9.01990E-02   2.62907-153
          51   5.10000E+00   1.55031E+01  -1.06946E-15   3.89272E-15   0.00000E+00   8.83573E-02   3.58000-153
          52   5.20000E+00   1.55031E+01  -1.04669E-15   3.84415E-15   0.00000E+00   8.65857E-02  -2.38667-152
          53   5.30000E+00   1.55031E+01  -9.99743E-16   3.96211E-15   0.00000E+00   8.48344E-02  -7.33901-152
          54   5.40000E+00   1.55031E+01  -1.01297E-15   4.03844E-15   0.00000E+00   8.31496E-02  -8.35334-152
          55   5.50000E+00   1.55031E+01  -1.01026E-15   4.16334E-15   0.00000E+00   8.15280E-02  -3.50840-151
          56   5.60000E+00   1.55031E+01  -1.00983E-15   4.19109E-15   0.00000E+00   8.00022E-02  -7.58961-151
          57   5.70000E+00   1.55031E+01  -9.24282E-16   3.89272E-15   0.00000E+00   7.85264E-02  -6.30081-151
          58   5.80000E+00   1.55031E+01  -8.78963E-16   3.76088E-15   0.00000E+00   7.71019E-02  -8.30561-151
          59   5.90000E+00   1.55031E+01  -8.57712E-16   3.80945E-15   0.00000E+00   7.57259E-02  -1.66112-150
          60   6.00000E+00   1.55031E+01  -8.74517E-16   4.00374E-15   0.00000E+00   7.43960E-02  -2.82582-150
          61   6.10000E+00   1.55031E+01  -8.58146E-16   3.96905E-15   0.00000E+00   7.31100E-02  -5.49889-150
          62   6.20000E+00   1.55031E+01  -8.08056E-16   3.84415E-15   0.00000E+00   7.18389E-02  -6.72086-150
          63   6.30000E+00   1.55031E+01  -7.87564E-16   3.79557E-15   0.00000E+00   7.06103E-02  -1.95516-149
          64   6.40000E+00   1.55031E+01  -8.07731E-16   3.73312E-15   0.00000E+00   6.94220E-02   0.00000E+00
          65   6.50000E+00   1.55031E+01  -7.94070E-16   3.68455E-15   0.00000E+00   6.82720E-02  -3.12825-148
          66   6.60000E+00   1.55031E+01  -7.79108E-16   3.64986E-15   0.00000E+00   6.71586E-02   6.25651-148
          67   6.70000E+00   1.55031E+01  -7.95804E-16   3.72619E-15   0.00000E+00   6.60800E-02   1.25130-147
          68   6.80000E+00   1.55031E+01  -7.78674E-16   3.76088E-15   0.00000E+00   6.50347E-02  -5.00521-147
          69   6.90000E+00   1.55031E+01  -8.46328E-16   3.83027E-15   0.00000E+00   6.40212E-02  -1.00104-146
          70   7.00000E+00   1.55031E+01  -8.13152E-16   3.67761E-15   0.00000E+00   6.30380E-02  -2.00208-146
          71   7.10000E+00   1.55031E+01  -8.82757E-16   3.65680E-15   0.00000E+00   6.20840E-02  -8.00833-146
          72   7.20000E+00   1.55031E+01  -8.22909E-16   3.53190E-15   0.00000E+00   6.11474E-02  -1.60167-145
          73   7.30000E+00   1.55031E+01  -8.11417E-16   3.26128E-15   0.00000E+00   6.02385E-02  -3.20333-145
          74   7.40000E+00   1.55031E+01  -8.35486E-16   2.51188E-15   0.00000E+00   5.93531E-02   9.61000-145
          75   7.50000E+00   1.55031E+01  -7.86480E-16   2.31065E-15   0.00000E+00   5.85018E-02   1.28133-144
          76   7.60000E+00   1.55031E+01  -7.37474E-16   2.06779E-15   0.00000E+00   5.76744E-02   1.28133-144
          77   7.70000E+00   1.55031E+01  -8.06213E-16   2.38698E-15   0.00000E+00   5.68698E-02   0.00000E+00
          78   7.80000E+00   1.55031E+01  -7.87998E-16   2.45637E-15   0.00000E+00   5.60873E-02   2.56267-144
          79   7.90000E+00   1.55031E+01  -7.68266E-16   2.79637E-15   0.00000E+00   5.52783E-02  -2.56267-144
          80   8.00000E+00   1.55031E+01  -8.31149E-16   3.35149E-15   0.00000E+00   5.44912E-02   2.05013-143
          81   8.10000E+00   1.55031E+01  -7.74771E-16   3.68455E-15   0.00000E+00   5.37284E-02   5.12533-143
          82   8.20000E+00   1.55031E+01  -7.39426E-16   3.45557E-15   0.00000E+00   5.29888E-02   5.12533-143
          83   8.30000E+00   1.55031E+01  -7.35306E-16   3.78864E-15   0.00000E+00   5.22713E-02   2.05013-143
          84   8.40000E+00   1.55031E+01  -7.42678E-16   1.93526E-14   0.00000E+00   5.15749E-02   0.00000E+00
          85   8.50000E+00   1.55031E+01  -7.47883E-16   1.85338E-14   0.00000E+00   5.08987E-02  -4.10027-143
          86   8.60000E+00   1.55031E+01  -7.80626E-16   1.95191E-14   0.00000E+00   5.02417E-02   1.23008-142
          87   8.70000E+00   1.55031E+01  -7.08635E-16   1.94497E-14   0.00000E+00   4.96032E-02   0.00000E+00
          88   8.80000E+00   1.55031E+01  -7.83661E-16   1.95469E-14   0.00000E+00   4.89824E-02   1.23008-142
          89   8.90000E+00   1.55031E+01  -7.48099E-16   1.91791E-14   0.00000E+00   4.83785E-02   3.28021-142
          90   9.00000E+00   1.55031E+01  -7.51786E-16   1.93456E-14   0.00000E+00   4.77908E-02   3.28021-142
          91   9.10000E+00   1.55031E+01  -7.30102E-16   1.93873E-14   0.00000E+00   4.71837E-02   6.56043-142
          92   9.20000E+00   1.55031E+01  -9.98117E-16   1.96232E-14   0.00000E+00   4.65942E-02   1.04967-140
          93   9.30000E+00   1.55031E+01  -8.92515E-16   1.93109E-14   0.00000E+00   4.60077E-02   2.62417-141
          94   9.40000E+00   1.55031E+01  -9.28511E-16   1.91236E-14   0.00000E+00   4.54397E-02   5.24834-141
          95   9.50000E+00   1.55031E+01  -8.96852E-16   1.92901E-14   0.00000E+00   4.48882E-02  -9.18460-141
          96   9.60000E+00   1.55031E+01  -1.14730E-15   1.93109E-14   0.00000E+00   4.43533E-02  -1.45641-139
          97   9.70000E+00   1.55031E+01  -1.69482E-15   1.92693E-14   0.00000E+00   4.38336E-02  -6.04543-138
          98   9.80000E+00   1.55031E+01  -1.41250E-15   1.91652E-14   0.00000E+00   4.33283E-02  -5.82461-137
          99   9.90000E+00   1.55031E+01  -1.37715E-15   1.92416E-14   0.00000E+00   4.28366E-02  -3.29115-134
         100   1.00000E+01   1.55031E+01  -1.39493E-15   1.92762E-14   0.00000E+00   4.23579E-02   1.39173-132
         101   1.01000E+01   1.55031E+01  -1.40361E-15   1.92173E-14   0.00000E+00   4.18915E-02   3.30042-132
         102   1.02000E+01   1.55031E+01  -1.41445E-15   1.92520E-14   0.00000E+00   4.14370E-02  -1.35329-130
         103   1.03000E+01   1.55031E+01  -1.45543E-15   1.94809E-14   0.00000E+00   4.09936E-02   9.06809-130
         104   1.04000E+01   1.55031E+01  -1.37152E-15   1.94636E-14   0.00000E+00   4.05610E-02   9.80729-129
         105   1.05000E+01   1.55031E+01  -1.35829E-15   1.94428E-14   0.00000E+00   4.01386E-02   1.99774-129
         106   1.06000E+01   1.55031E+01  -1.35525E-15   1.94636E-14   0.00000E+00   3.97259E-02  -4.26710-128
         107   1.07000E+01   1.55031E+01  -2.04502E-15   1.93803E-14   0.00000E+00   3.93226E-02   2.08364-126
         108   1.08000E+01   1.55031E+01  -1.93855E-15   1.94497E-14   0.00000E+00   3.89283E-02  -2.28174-126
         109   1.09000E+01   1.55031E+01  -1.92815E-15   1.94324E-14   0.00000E+00   3.85425E-02  -5.39399-126
         110   1.10000E+01   1.55031E+01  -1.91839E-15   1.94358E-14   0.00000E+00   3.81657E-02  -6.67786-126
         111   1.11000E+01   1.55031E+01  -1.90169E-15   1.95434E-14   0.00000E+00   3.77961E-02  -6.59148-126
         112   1.12000E+01   1.55031E+01  -1.92381E-15   1.95538E-14   0.00000E+00   3.74342E-02  -6.94349-126
         113   1.13000E+01   1.55031E+01  -1.90798E-15   1.94914E-14   0.00000E+00   3.70749E-02  -4.60206-127
         114   1.14000E+01   1.55031E+01  -1.88998E-15   1.94636E-14   0.00000E+00   3.67232E-02  -6.13993-126
         115   1.15000E+01   1.55031E+01  -1.95243E-15   1.94497E-14   0.00000E+00   3.63787E-02   3.37855-125
         116   1.16000E+01   1.55031E+01  -1.94224E-15   1.95191E-14   0.00000E+00   3.60411E-02   4.15038-125
         117   1.17000E+01   1.55031E+01  -1.96262E-15   1.95226E-14   0.00000E+00   3.57102E-02   4.64880-125
         118   1.18000E+01   1.55031E+01  -1.95937E-15   1.95156E-14   0.00000E+00   3.53857E-02  -6.03841-123
         119   1.19000E+01   1.55031E+01  -1.95547E-15   1.94879E-14   0.00000E+00   3.50673E-02  -2.75954-120
         120   1.20000E+01   1.55031E+01  -1.86971E-15   1.94914E-14   0.00000E+00   3.47548E-02   6.82317-118
         121   1.21000E+01   1.55031E+01  -1.83024E-15   1.94809E-14   0.00000E+00   3.44486E-02  -3.39615-117
         122   1.22000E+01   1.55031E+01  -1.93530E-15   1.95746E-14   0.00000E+00   3.41521E-02   8.23033-114
         123   1.23000E+01   1.55031E+01  -1.99472E-15   1.95642E-14   0.00000E+00   3.38610E-02  -5.86787-114
         124   1.24000E+01   1.55031E+01  -1.93823E-15   1.94671E-14   0.00000E+00   3.35748E-02  -1.81453-111
         125   1.25000E+01   1.55031E+01  -1.91383E-15   1.94636E-14   0.00000E+00   3.32936E-02   2.06616-110
         126   1.26000E+01   1.55031E+01  -1.92348E-15   1.95538E-14   0.00000E+00   3.30171E-02   1.47425-108
         127   1.27000E+01   1.55031E+01  -1.87925E-15   1.94358E-14   0.00000E+00   3.27451E-02  -5.03670-107
         128   1.28000E+01   1.55031E+01  -1.90093E-15   1.94775E-14   0.00000E+00   3.24775E-02   4.47758-106
         129   1.29000E+01   1.55031E+01  -1.93302E-15   1.94567E-14   0.00000E+00   3.22142E-02  -2.53781-105
         130   1.30000E+01   1.55031E+01  -1.90646E-15   1.94532E-14   0.00000E+00   3.19549E-02  -3.27849-104
         131   1.31000E+01   1.55031E+01  -1.88922E-15   1.94879E-14   0.00000E+00   3.16997E-02  -3.25176-104
         132   1.32000E+01   1.55031E+01  -1.89887E-15   1.94324E-14   0.00000E+00   3.14483E-02  -5.64507-101
         133   1.33000E+01   1.55031E+01  -1.88489E-15   1.95573E-14   0.00000E+00   3.11957E-02  -1.97376E-99
         134   1.34000E+01   1.55031E+01  -1.83913E-15   1.95885E-14   0.00000E+00   3.09467E-02   3.84421E-97
         135   1.35000E+01   1.55031E+01  -1.92207E-15   1.96856E-14   0.00000E+00   3.07014E-02  -1.09557E-95
         136   1.36000E+01   1.55031E+01  -1.91286E-15   1.96475E-14   0.00000E+00   3.04595E-02   1.07058E-94
         137   1.37000E+01   1.55031E+01  -1.89220E-15   1.96978E-14   0.00000E+00   3.02209E-02   5.09404E-92
         138   1.38000E+01   1.55031E+01  -1.83355E-15   1.97099E-14   0.00000E+00   2.99857E-02   3.91389E-90
         139   1.39000E+01   1.55031E+01  -1.82189E-15   1.97273E-14   0.00000E+00   2.97358E-02   1.73873E-88
         140   1.40000E+01   1.55031E+01  -1.86776E-15   1.97602E-14   0.00000E+00   2.94650E-02  -5.84220E-87
         141   1.41000E+01   1.55031E+01  -1.84168E-15   1.97255E-14   0.00000E+00   2.92004E-02  -7.18832E-87
         142   1.42000E+01   1.55031E+01  -1.82666E-15   1.97620E-14   0.00000E+00   2.89417E-02  -1.63410E-85
         143   1.43000E+01   1.55031E+01  -1.86515E-15   1.97758E-14   0.00000E+00   2.86885E-02  -1.49129E-84
         144   1.44000E+01   1.55031E+01  -1.81333E-15   1.97897E-14   0.00000E+00   2.84406E-02  -6.16419E-84
         145   1.45000E+01   1.55031E+01  -1.81327E-15   1.98487E-14   0.00000E+00   2.81978E-02  -7.07217E-84
         146   1.46000E+01   1.55031E+01  -1.84043E-15   1.98435E-14   0.00000E+00   2.79599E-02  -5.25715E-84
         147   1.47000E+01   1.55031E+01  -1.80845E-15   1.98661E-14   0.00000E+00   2.77266E-02  -3.93750E-83
         148   1.48000E+01   1.55031E+01  -1.81306E-15   1.98869E-14   0.00000E+00   2.74977E-02  -2.17832E-83
         149   1.49000E+01   1.55031E+01  -1.75004E-15   1.98487E-14   0.00000E+00   2.72869E-02  -2.71976E-83
         150   1.50000E+01   1.55031E+01  -1.80486E-15   1.99389E-14   0.00000E+00   2.70792E-02  -4.56749E-84
         151   1.51000E+01   1.55031E+01  -1.80902E-15   1.99701E-14   0.00000E+00   2.68745E-02  -3.75837E-84
         152   1.52000E+01   1.55031E+01  -1.75296E-15   1.96579E-14   0.00000E+00   2.66727E-02  -2.05701E-84
         153   1.53000E+01   1.55031E+01  -1.79795E-15   1.97203E-14   0.00000E+00   2.64739E-02   7.31416E-85
         154   1.54000E+01   1.55031E+01  -1.80619E-15   1.97047E-14   0.00000E+00   2.62778E-02   2.39457E-84
         155   1.55000E+01   1.55031E+01  -1.78768E-15   1.97169E-14   0.00000E+00   2.60845E-02   3.77571E-84
         156   1.56000E+01   1.55031E+01  -1.78897E-15   1.96770E-14   0.00000E+00   2.58940E-02   3.68950E-84
         157   1.57000E+01   1.55031E+01  -1.78096E-15   1.96405E-14   0.00000E+00   2.57060E-02   4.67779E-84
         158   1.58000E+01   1.55031E+01  -1.81195E-15   1.96058E-14   0.00000E+00   2.55206E-02   3.53643E-84
         159   1.59000E+01   1.55031E+01  -1.77146E-15   1.95677E-14   0.00000E+00   2.53378E-02   2.87992E-84
         160   1.60000E+01   1.55031E+01  -1.75255E-15   1.95989E-14   0.00000E+00   2.51575E-02   2.72207E-84
         161   1.61000E+01   1.55031E+01  -1.77110E-15   1.95859E-14   0.00000E+00   2.49795E-02   4.08386E-84
         162   1.62000E+01   1.55031E+01  -1.79178E-15   1.96284E-14   0.00000E+00   2.48040E-02   1.32710E-85
         163   1.63000E+01   1.55031E+01  -1.76633E-15   1.96180E-14   0.00000E+00   2.46307E-02   3.11166E-84
         164   1.64000E+01   1.55031E+01  -1.80528E-15   1.95920E-14   0.00000E+00   2.44598E-02  -1.22003E-83
         165   1.65000E+01   1.55031E+01  -1.78286E-15   1.95434E-14   0.00000E+00   2.42911E-02  -2.39784E-84
         166   1.66000E+01   1.55031E+01  -1.78942E-15   1.95581E-14   0.00000E+00   2.41245E-02  -1.35606E-83
         167   1.67000E+01   1.55031E+01  -1.76394E-15   1.95512E-14   0.00000E+00   2.39568E-02  -1.89062E-83
         168   1.68000E+01   1.55031E+01  -1.75012E-15   1.94922E-14   0.00000E+00   2.37914E-02   4.46289E-84
         169   1.69000E+01   1.55031E+01  -1.72339E-15   1.94653E-14   0.00000E+00   2.36282E-02  -7.27495E-84
         170   1.70000E+01   1.55031E+01  -1.71299E-15   1.94757E-14   0.00000E+00   2.34673E-02  -3.00891E-83
         171   1.71000E+01   1.55031E+01  -1.75120E-15   1.94515E-14   0.00000E+00   2.33085E-02  -8.01491E-83
         172   1.72000E+01   1.55031E+01  -1.69949E-15   1.94393E-14   0.00000E+00   2.31519E-02  -2.48949E-82
         173   1.73000E+01   1.55031E+01  -1.75294E-15   1.94367E-14   0.00000E+00   2.29973E-02  -1.23718E-82
         174   1.74000E+01   1.55031E+01  -1.74307E-15   1.94445E-14   0.00000E+00   2.28449E-02  -1.76143E-82
         175   1.75000E+01   1.55031E+01  -1.75218E-15   1.94098E-14   0.00000E+00   2.26944E-02   5.50362E-82
         176   1.76000E+01   1.55031E+01  -1.76118E-15   1.93959E-14   0.00000E+00   2.25459E-02  -2.05692E-81
         177   1.77000E+01   1.55031E+01  -1.72323E-15   1.93864E-14   0.00000E+00   2.23993E-02   1.29541E-80
         178   1.78000E+01   1.55031E+01  -1.70035E-15   1.95573E-14   0.00000E+00   2.22545E-02   1.63710E-81
         179   1.79000E+01   1.55031E+01  -1.68724E-15   2.01271E-14   0.00000E+00   2.21115E-02  -3.97860E-80
         180   1.80000E+01   1.55031E+01  -1.70025E-15   2.01618E-14   0.00000E+00   2.19702E-02  -5.88633E-80
         181   1.81000E+01   1.55031E+01  -1.70035E-15   2.00378E-14   0.00000E+00   2.18314E-02  -1.79857E-79
         182   1.82000E+01   1.55031E+01  -1.72572E-15   2.00161E-14   0.00000E+00   2.16943E-02   9.85638E-80
         183   1.83000E+01   1.55031E+01  -1.70979E-15   1.99962E-14   0.00000E+00   2.15588E-02  -5.35454E-79
         184   1.84000E+01   1.55031E+01  -1.74296E-15   1.99866E-14   0.00000E+00   2.14248E-02  -1.91753E-78
         185   1.85000E+01   1.55031E+01  -1.74546E-15   1.99649E-14   0.00000E+00   2.12924E-02  -1.55174E-79
         186   1.86000E+01   1.55031E+01  -1.73798E-15   1.99094E-14   0.00000E+00   2.11615E-02  -8.70382E-73
         187   1.87000E+01   1.55031E+01  -1.70437E-15   1.99224E-14   0.00000E+00   2.10321E-02  -8.95332E-73
         188   1.88000E+01   1.55031E+01  -1.72171E-15   1.99233E-14   0.00000E+00   2.09024E-02  -8.95333E-73
         189   1.89000E+01   1.55031E+01  -1.72811E-15   2.00287E-14   0.00000E+00   2.07743E-02  -8.95332E-73
         190   1.90000E+01   1.55031E+01  -1.72301E-15   2.00460E-14   0.00000E+00   2.06477E-02  -8.95331E-73
         191   1.91000E+01   1.55031E+01  -1.69201E-15   2.04264E-14   0.00000E+00   2.05224E-02  -8.95331E-73
         192   1.92000E+01   1.55031E+01  -1.67325E-15   2.06406E-14   0.00000E+00   2.03987E-02  -8.95331E-73
         193   1.93000E+01   1.55031E+01  -1.69038E-15   2.05903E-14   0.00000E+00   2.02763E-02  -8.95330E-73
         194   1.94000E+01   1.55031E+01  -1.68246E-15   2.06024E-14   0.00000E+00   2.01552E-02  -8.95329E-73
         195   1.95000E+01   1.55031E+01  -1.65666E-15   2.05825E-14   0.00000E+00   2.00356E-02  -8.95329E-73
         196   1.96000E+01   1.55031E+01  -1.71499E-15   2.05396E-14   0.00000E+00   1.99172E-02  -8.95326E-73
         197   1.97000E+01   1.55031E+01  -1.69266E-15   2.04945E-14   0.00000E+00   1.98001E-02  -8.95321E-73
         198   1.98000E+01   1.55031E+01  -1.72442E-15   2.04888E-14   0.00000E+00   1.96843E-02  -8.95319E-73
         199   1.99000E+01   1.55031E+01  -1.70155E-15   2.05131E-14   0.00000E+00   1.95697E-02  -8.95319E-73
         200   2.00000E+01   1.55031E+01  -1.71391E-15   2.05474E-14   0.00000E+00   1.94564E-02  -8.95331E-73
         201   2.01000E+01   1.55031E+01  -1.70708E-15   2.05157E-14   0.00000E+00   1.93442E-02  -8.95332E-73
         202   2.02000E+01   1.55031E+01  -1.69461E-15   2.05695E-14   0.00000E+00   1.92333E-02  -8.95315E-73
         203   2.03000E+01   1.55031E+01  -1.67954E-15   2.05179E-14   0.00000E+00   1.91234E-02  -8.95298E-73
         204   2.04000E+01   1.55031E+01  -1.68062E-15   2.05109E-14   0.00000E+00   1.90148E-02  -8.95286E-73
         205   2.05000E+01   1.55031E+01  -1.65308E-15   2.05131E-14   0.00000E+00   1.89072E-02  -8.95278E-73
         206   2.06000E+01   1.55031E+01  -1.69970E-15   2.05279E-14   0.00000E+00   1.88008E-02  -8.95283E-73
         207   2.07000E+01   1.55031E+01  -1.73125E-15   2.05252E-14   0.00000E+00   1.86955E-02  -8.95224E-73
         208   2.08000E+01   1.55031E+01  -1.71250E-15   2.05057E-14   0.00000E+00   1.85912E-02  -8.95170E-73
         209   2.09000E+01   1.55031E+01  -1.73028E-15   2.05192E-14   0.00000E+00   1.84880E-02  -8.94273E-73
         210   2.10000E+01   1.55031E+01  -1.72529E-15   2.05348E-14   0.00000E+00   1.83851E-02  -9.62140E-73
         211   2.11000E+01   1.55031E+01  -1.76833E-15   2.05213E-14   0.00000E+00   1.82833E-02  -6.05465E-73
         212   2.12000E+01   1.55031E+01  -1.79674E-15   2.05331E-14   0.00000E+00   1.81824E-02   1.73432E-73
         213   2.13000E+01   1.55031E+01  -1.79132E-15   2.05582E-14   0.00000E+00   1.80826E-02  -1.37515E-72
         214   2.14000E+01   1.55031E+01  -1.77245E-15   2.05495E-14   0.00000E+00   1.79838E-02   7.32679E-72
         215   2.15000E+01   1.55031E+01  -1.77169E-15   2.05391E-14   0.00000E+00   1.78763E-02  -1.09482E-71
         216   2.16000E+01   1.55031E+01  -1.79479E-15   2.05383E-14   0.00000E+00   1.77703E-02  -2.31344E-70
         217   2.17000E+01   1.55031E+01  -1.76476E-15   2.05435E-14   0.00000E+00   1.76655E-02  -1.59571E-68
         218   2.18000E+01   1.55031E+01  -1.78232E-15   2.05122E-14   0.00000E+00   1.75621E-02  -6.56208E-68
         219   2.19000E+01   1.55031E+01  -1.77473E-15   2.05530E-14   0.00000E+00   1.74600E-02  -1.62982E-66
         220   2.20000E+01   1.55031E+01  -1.80010E-15   2.05929E-14   0.00000E+00   1.73591E-02  -4.30358E-66
         221   2.21000E+01   1.55031E+01  -1.81539E-15   2.05704E-14   0.00000E+00   1.72594E-02  -1.03782E-64
         222   2.22000E+01   1.55031E+01  -1.80541E-15   2.05261E-14   0.00000E+00   1.71609E-02   1.87763E-64
         223   2.23000E+01   1.55031E+01  -1.79544E-15   2.04793E-14   0.00000E+00   1.70635E-02  -5.26629E-63
         224   2.24000E+01   1.55031E+01  -1.82374E-15   2.05157E-14   0.00000E+00   1.69674E-02  -5.88582E-63
         225   2.25000E+01   1.55031E+01  -1.79587E-15   2.04628E-14   0.00000E+00   1.68723E-02  -1.46470E-62
         226   2.26000E+01   1.55031E+01  -1.74437E-15   2.05070E-14   0.00000E+00   1.67784E-02   4.73333E-61
         227   2.27000E+01   1.55031E+01  -1.77115E-15   1.99441E-14   0.00000E+00   1.66855E-02  -2.04963E-60
         228   2.28000E+01   1.55031E+01  -1.73310E-15   2.01002E-14   0.00000E+00   1.65937E-02  -1.00563E-59
         229   2.29000E+01   1.55031E+01  -1.74318E-15   2.00803E-14   0.00000E+00   1.65030E-02  -5.19905E-59
         230   2.30000E+01   1.55031E+01  -1.75424E-15   1.99719E-14   0.00000E+00   1.64132E-02  -1.22097E-58
         231   2.31000E+01   1.55031E+01  -1.73407E-15   1.99615E-14   0.00000E+00   1.63245E-02  -2.57652E-58
         232   2.32000E+01   1.55031E+01  -1.71033E-15   1.99259E-14   0.00000E+00   1.62367E-02  -1.41939E-57
         233   2.33000E+01   1.55031E+01  -1.69136E-15   1.99476E-14   0.00000E+00   1.61499E-02   1.68491E-57
         234   2.34000E+01   1.55031E+01  -1.72627E-15   1.99537E-14   0.00000E+00   1.60641E-02  -3.28837E-57
         235   2.35000E+01   1.55031E+01  -1.74600E-15   1.99337E-14   0.00000E+00   1.59791E-02  -9.55880E-57
         236   2.36000E+01   1.55031E+01  -1.75727E-15   1.99545E-14   0.00000E+00   1.58951E-02  -1.38804E-56
         237   2.37000E+01   1.55031E+01  -1.75836E-15   1.99459E-14   0.00000E+00   1.58120E-02   7.51922E-56
         238   2.38000E+01   1.55031E+01  -1.75597E-15   1.99485E-14   0.00000E+00   1.57297E-02   2.01902E-55
         239   2.39000E+01   1.55031E+01  -1.74665E-15   1.99918E-14   0.00000E+00   1.56484E-02   1.67173E-55
         240   2.40000E+01   1.55031E+01  -1.75662E-15   1.99840E-14   0.00000E+00   1.55678E-02  -8.04327E-55
         241   2.41000E+01   1.55031E+01  -1.76400E-15   2.05044E-14   0.00000E+00   1.54815E-02  -2.80168E-55
         242   2.42000E+01   1.55031E+01  -1.79869E-15   1.91618E-14   0.00000E+00   1.53965E-02   3.66661E-54
         243   2.43000E+01   1.55031E+01  -1.80129E-15   1.89250E-14   0.00000E+00   1.53062E-02   4.72676E-54
         244   2.44000E+01   1.55031E+01  -1.81235E-15   1.80914E-14   0.00000E+00   1.52176E-02  -5.77866E-53
         245   2.45000E+01   1.55031E+01  -1.80975E-15   1.84392E-14   0.00000E+00   1.51306E-02  -1.21394E-52
         246   2.46000E+01   1.55031E+01  -1.79284E-15   1.70341E-14   0.00000E+00   1.50450E-02  -7.88774E-52
         247   2.47000E+01   1.55031E+01  -1.81300E-15   1.62240E-14   0.00000E+00   1.49608E-02   2.48385E-51
         248   2.48000E+01   1.55031E+01  -1.78611E-15   1.64122E-14   0.00000E+00   1.48779E-02  -4.64908E-50
         249   2.49000E+01   1.55031E+01  -1.77245E-15   1.65120E-14   0.00000E+00   1.47963E-02  -1.19334E-49
         250   2.50000E+01   1.55031E+01  -1.76953E-15   1.68867E-14   0.00000E+00   1.47160E-02  -3.62436E-49
         251   2.51000E+01   1.55031E+01  -1.77885E-15   1.54547E-14   0.00000E+00   1.46369E-02  -4.89175E-49
         252   2.52000E+01   1.55031E+01  -1.80899E-15   1.53922E-14   0.00000E+00   1.45589E-02  -1.44662E-48
         253   2.53000E+01   1.55031E+01  -1.81289E-15   1.49429E-14   0.00000E+00   1.44821E-02  -2.27424E-48
         254   2.54000E+01   1.55031E+01  -1.79576E-15   1.40140E-14   0.00000E+00   1.44063E-02  -1.82844E-48
         255   2.55000E+01   1.55031E+01  -1.81832E-15   1.44468E-14   0.00000E+00   1.43315E-02   6.18515E-49
         256   2.56000E+01   1.55031E+01  -1.82103E-15   1.41553E-14   0.00000E+00   1.42578E-02   4.05830E-48
         257   2.57000E+01   1.55031E+01  -1.84282E-15   1.38735E-14   0.00000E+00   1.41850E-02  -9.47367E-49
         258   2.58000E+01   1.55031E+01  -1.83295E-15   1.37277E-14   0.00000E+00   1.41131E-02  -5.16746E-49
         259   2.59000E+01   1.55031E+01  -1.82883E-15   1.40981E-14   0.00000E+00   1.40422E-02  -4.39181E-48
         260   2.60000E+01   1.55031E+01  -1.86298E-15   1.20268E-14   0.00000E+00   1.39722E-02  -4.81418E-48
         261   2.61000E+01   1.55031E+01  -1.83978E-15   1.20164E-14   0.00000E+00   1.39030E-02  -3.42450E-49
         262   2.62000E+01   1.55031E+01  -1.87112E-15   1.31856E-14   0.00000E+00   1.38346E-02   1.36900E-48
         263   2.63000E+01   1.55031E+01  -1.88142E-15   1.10242E-14   0.00000E+00   1.37671E-02  -1.10297E-47
         264   2.64000E+01   1.55031E+01  -1.88261E-15   8.96071E-15   0.00000E+00   1.37003E-02  -6.43731E-48
         265   2.65000E+01   1.55031E+01  -1.86298E-15   8.28157E-15   0.00000E+00   1.36344E-02   4.45137E-47
         266   2.66000E+01   1.55031E+01  -1.85268E-15   9.09776E-15   0.00000E+00   1.35691E-02  -1.74578E-47
         267   2.67000E+01   1.55031E+01  -1.84510E-15  -3.20924E-16   0.00000E+00   1.35046E-02  -2.26797E-47
         268   2.68000E+01   1.55031E+01  -1.84141E-15  -3.28557E-14   0.00000E+00   1.34409E-02  -3.40407E-47
         269   2.69000E+01   1.55031E+01  -1.83501E-15  -4.01519E-14   0.00000E+00   1.33778E-02   2.74777E-47
         270   2.70000E+01   1.55031E+01  -1.91427E-15  -3.77406E-14   0.00000E+00   1.33154E-02   9.35374E-47
         271   2.71000E+01   1.55031E+01  -1.85019E-15  -4.00591E-14   0.00000E+00   1.32537E-02   2.06413E-46
         272   2.72000E+01   1.55031E+01  -1.90180E-15  -3.75663E-14   0.00000E+00   1.31926E-02   2.12199E-46
         273   2.73000E+01   1.55031E+01  -1.83534E-15  -3.68525E-14   0.00000E+00   1.31322E-02   1.90150E-46
         274   2.74000E+01   1.55031E+01  -1.93064E-15  -3.72358E-14   0.00000E+00   1.30724E-02   7.69963E-47
         275   2.75000E+01   1.55031E+01  -1.90657E-15  -3.80277E-14   0.00000E+00   1.30132E-02  -3.83486E-46
         276   2.76000E+01   1.55031E+01  -1.90364E-15  -3.76140E-14   0.00000E+00   1.29546E-02  -4.06898E-46
         277   2.77000E+01   1.55031E+01  -1.88098E-15  -3.85672E-14   0.00000E+00   1.28966E-02  -1.91338E-46
         278   2.78000E+01   1.55031E+01  -1.89031E-15  -3.78395E-14   0.00000E+00   1.28390E-02  -2.01367E-46
         279   2.79000E+01   1.55031E+01  -1.91915E-15  -3.80269E-14   0.00000E+00   1.27819E-02  -4.84382E-46
         280   2.80000E+01   1.55031E+01  -1.90191E-15  -3.75498E-14   0.00000E+00   1.27255E-02  -1.85193E-46
         281   2.81000E+01   1.55031E+01  -1.88770E-15  -3.75941E-14   0.00000E+00   1.26696E-02   1.92859E-46
         282   2.82000E+01   1.55031E+01  -1.89432E-15  -3.74136E-14   0.00000E+00   1.26142E-02   4.28083E-47
         283   2.83000E+01   1.55031E+01  -1.90755E-15  -3.72081E-14   0.00000E+00   1.25594E-02   2.51940E-46
         284   2.84000E+01   1.55031E+01  -1.89768E-15  -3.70693E-14   0.00000E+00   1.25050E-02  -1.59619E-46
         285   2.85000E+01   1.55031E+01  -1.90158E-15  -3.69227E-14   0.00000E+00   1.24512E-02  -8.81362E-46
         286   2.86000E+01   1.55031E+01  -1.91839E-15  -3.70225E-14   0.00000E+00   1.23979E-02  -7.77284E-46
         287   2.87000E+01   1.55031E+01  -1.88044E-15  -3.68594E-14   0.00000E+00   1.23451E-02  -1.62051E-45
         288   2.88000E+01   1.55031E+01  -1.90299E-15  -3.65411E-14   0.00000E+00   1.22928E-02  -1.29309E-45
         289   2.89000E+01   1.55031E+01  -1.89594E-15  -3.65593E-14   0.00000E+00   1.22409E-02  -2.24815E-45
         290   2.90000E+01   1.55031E+01  -1.90169E-15  -3.65168E-14   0.00000E+00   1.21896E-02  -8.54429E-47
         291   2.91000E+01   1.55031E+01  -1.86450E-15  -3.64873E-14   0.00000E+00   1.21386E-02  -1.60794E-45
         292   2.92000E+01   1.55031E+01  -1.90581E-15  -3.62418E-14   0.00000E+00   1.20882E-02  -1.72357E-45
         293   2.93000E+01   1.55031E+01  -1.89497E-15  -3.63477E-14   0.00000E+00   1.20381E-02  -1.25898E-45
         294   2.94000E+01   1.55031E+01  -1.90852E-15  -3.63112E-14   0.00000E+00   1.19885E-02   1.21081E-44
         295   2.95000E+01   1.55031E+01  -1.86223E-15  -3.63971E-14   0.00000E+00   1.19394E-02  -8.76085E-45
         296   2.96000E+01   1.55031E+01  -1.82699E-15  -3.63928E-14   0.00000E+00   1.18906E-02   2.28464E-43
         297   2.97000E+01   1.55031E+01  -1.83480E-15  -3.64916E-14   0.00000E+00   1.18423E-02  -1.61268E-42
         298   2.98000E+01   1.55031E+01  -1.84694E-15  -3.65393E-14   0.00000E+00   1.17944E-02  -4.57212E-43
         299   2.99000E+01   1.55031E+01  -1.86710E-15  -3.64396E-14   0.00000E+00   1.17469E-02   1.37796E-42
         300   3.00000E+01   1.55031E+01  -1.81398E-15  -3.62340E-14   0.00000E+00   1.16998E-02   2.01634E-43
         301   3.01000E+01   1.55031E+01  -1.83729E-15  -3.61777E-14   0.00000E+00   1.16531E-02   1.72478E-42
         302   3.02000E+01   1.55031E+01  -1.82384E-15  -3.61100E-14   0.00000E+00   1.16068E-02   1.67909E-42
         303   3.03000E+01   1.55031E+01  -1.84716E-15  -3.61074E-14   0.00000E+00   1.15608E-02   1.67710E-42
         304   3.04000E+01   1.55031E+01  -1.84390E-15  -3.59964E-14   0.00000E+00   1.15152E-02   1.67974E-42
         305   3.05000E+01   1.55031E+01  -1.82417E-15  -3.60129E-14   0.00000E+00   1.14700E-02   1.67331E-42
         306   3.06000E+01   1.55031E+01  -1.84835E-15  -3.60744E-14   0.00000E+00   1.14252E-02   1.69274E-42
         307   3.07000E+01   1.55031E+01  -1.81777E-15  -3.60875E-14   0.00000E+00   1.13807E-02   1.62435E-42
         308   3.08000E+01   1.55031E+01  -1.79099E-15  -3.60337E-14   0.00000E+00   1.13366E-02   1.60538E-42
         309   3.09000E+01   1.55031E+01  -1.83924E-15  -3.60389E-14   0.00000E+00   1.12928E-02   1.63047E-42
         310   3.10000E+01   1.55031E+01  -1.83902E-15  -3.60580E-14   0.00000E+00   1.12494E-02   1.56879E-42
         311   3.11000E+01   1.55031E+01  -1.83263E-15  -3.60467E-14   0.00000E+00   1.12063E-02   1.64083E-42
         312   3.12000E+01   1.55031E+01  -1.80964E-15  -3.60892E-14   0.00000E+00   1.11635E-02   1.58184E-42
         313   3.13000E+01   1.55031E+01  -1.83393E-15  -3.61265E-14   0.00000E+00   1.11211E-02   1.61685E-42
         314   3.14000E+01   1.55031E+01  -1.82764E-15  -3.61421E-14   0.00000E+00   1.10790E-02   1.61865E-42
         315   3.15000E+01   1.55031E+01  -1.80812E-15  -3.61499E-14   0.00000E+00   1.10372E-02   1.71613E-42
         316   3.16000E+01   1.55031E+01  -1.80390E-15  -3.62679E-14   0.00000E+00   1.09957E-02   1.74504E-42
         317   3.17000E+01   1.55031E+01  -1.80877E-15  -3.63529E-14   0.00000E+00   1.09546E-02   1.64382E-42
         318   3.18000E+01   1.55031E+01  -1.80910E-15  -3.63164E-14   0.00000E+00   1.09137E-02   1.56483E-42
         319   3.19000E+01   1.55031E+01  -1.80325E-15  -3.63355E-14   0.00000E+00   1.08732E-02   1.80974E-42
         320   3.20000E+01   1.55031E+01  -1.84206E-15  -3.62835E-14   0.00000E+00   1.08330E-02   1.85106E-42
         321   3.21000E+01   1.55031E+01  -1.81593E-15  -3.63503E-14   0.00000E+00   1.07930E-02   1.56817E-42
         322   3.22000E+01   1.55031E+01  -1.79533E-15  -3.63485E-14   0.00000E+00   1.07534E-02   1.37726E-42
         323   3.23000E+01   1.55031E+01  -1.84347E-15  -3.63381E-14   0.00000E+00   1.07140E-02   1.42579E-42
         324   3.24000E+01   1.55031E+01  -1.82677E-15  -3.63503E-14   0.00000E+00   1.06750E-02   1.09241E-42
         325   3.25000E+01   1.55031E+01  -1.80943E-15  -3.63867E-14   0.00000E+00   1.06362E-02   2.72047E-42
         326   3.26000E+01   1.55031E+01  -1.82428E-15  -3.63147E-14   0.00000E+00   1.05977E-02   3.56662E-42
         327   3.27000E+01   1.55031E+01  -1.84304E-15  -3.63399E-14   0.00000E+00   1.05595E-02   2.78034E-41
         328   3.28000E+01   1.55031E+01  -1.79262E-15  -3.63251E-14   0.00000E+00   1.05215E-02   5.59837E-42
         329   3.29000E+01   1.55031E+01  -1.78698E-15  -3.62939E-14   0.00000E+00   1.04838E-02  -6.64052E-42
         330   3.30000E+01   1.55031E+01  -1.78633E-15  -3.63563E-14   0.00000E+00   1.04464E-02  -1.35928E-41
         331   3.31000E+01   1.55031E+01  -1.77224E-15  -3.63459E-14   0.00000E+00   1.04093E-02  -1.05532E-41
         332   3.32000E+01   1.55031E+01  -1.85865E-15  -3.63980E-14   0.00000E+00   1.03724E-02  -1.13961E-41
         333   3.33000E+01   1.55031E+01  -1.84575E-15  -3.64188E-14   0.00000E+00   1.03357E-02  -1.00656E-41
         334   3.34000E+01   1.55031E+01  -1.85876E-15  -3.64431E-14   0.00000E+00   1.02994E-02  -1.02636E-41
         335   3.35000E+01   1.55031E+01  -1.82341E-15  -3.64916E-14   0.00000E+00   1.02632E-02  -7.75531E-42
         336   3.36000E+01   1.55031E+01  -1.83902E-15  -3.65003E-14   0.00000E+00   1.02273E-02  -1.07098E-41
         337   3.37000E+01   1.55031E+01  -1.86418E-15  -3.64743E-14   0.00000E+00   1.01917E-02  -6.10870E-42
         338   3.38000E+01   1.55031E+01  -1.84618E-15  -3.65281E-14   0.00000E+00   1.01563E-02  -8.29963E-42
         339   3.39000E+01   1.55031E+01  -1.82298E-15  -3.65333E-14   0.00000E+00   1.01212E-02  -5.59293E-42
         340   3.40000E+01   1.55031E+01  -1.79934E-15  -3.65090E-14   0.00000E+00   1.00862E-02  -7.13576E-42
         341   3.41000E+01   1.55031E+01  -1.76931E-15  -3.64934E-14   0.00000E+00   1.00516E-02   9.06623E-42
         342   3.42000E+01   1.55031E+01  -1.76291E-15  -3.64708E-14   0.00000E+00   1.00171E-02  -8.21692E-41
         343   3.43000E+01   1.55031E+01  -1.74784E-15  -3.65281E-14   0.00000E+00   9.98289E-03  -3.54588E-41
         344   3.44000E+01   1.55031E+01  -1.71640E-15  -3.65073E-14   0.00000E+00   9.94890E-03  -1.25422E-39
         345   3.45000E+01   1.55031E+01  -1.73483E-15  -3.65125E-14   0.00000E+00   9.91513E-03  -3.77123E-40
         346   3.46000E+01   1.55031E+01  -1.75023E-15  -3.64986E-14   0.00000E+00   9.88158E-03  -3.00354E-38
         347   3.47000E+01   1.55031E+01  -1.71467E-15  -3.64674E-14   0.00000E+00   9.84824E-03  -1.52220E-37
         348   3.48000E+01   1.55031E+01  -1.70209E-15  -3.64743E-14   0.00000E+00   9.81513E-03  -4.06681E-37
         349   3.49000E+01   1.55031E+01  -1.71044E-15  -3.64535E-14   0.00000E+00   9.78223E-03   6.13931E-37
         350   3.50000E+01   1.55031E+01  -1.71000E-15  -3.64552E-14   0.00000E+00   9.74954E-03   7.85649E-37
         351   3.51000E+01   1.55031E+01  -1.71109E-15  -3.64708E-14   0.00000E+00   9.71706E-03   1.01859E-35
         352   3.52000E+01   1.55031E+01  -1.71716E-15  -3.67692E-14   0.00000E+00   9.68478E-03   5.05064E-36
         353   3.53000E+01   1.55031E+01  -1.71076E-15  -3.67553E-14   0.00000E+00   9.65272E-03  -3.29631E-35
         354   3.54000E+01   1.55031E+01  -1.79132E-15  -3.67484E-14   0.00000E+00   9.62085E-03  -2.66892E-35
         355   3.55000E+01   1.55031E+01  -1.73082E-15  -3.67640E-14   0.00000E+00   9.58918E-03   2.63949E-34
         356   3.56000E+01   1.55031E+01  -1.76313E-15  -3.67727E-14   0.00000E+00   9.55771E-03   1.30908E-33
         357   3.57000E+01   1.55031E+01  -1.76064E-15  -3.67970E-14   0.00000E+00   9.52644E-03  -7.51570E-34
         358   3.58000E+01   1.55031E+01  -1.70849E-15  -3.68004E-14   0.00000E+00   9.49536E-03   5.98203E-33
         359   3.59000E+01   1.55031E+01  -1.75901E-15  -3.68022E-14   0.00000E+00   9.46447E-03  -1.44249E-33
         360   3.60000E+01   1.55031E+01  -1.71803E-15  -3.68108E-14   0.00000E+00   9.43377E-03   2.14285E-32
         361   3.61000E+01   1.55031E+01  -1.63498E-15  -3.68264E-14   0.00000E+00   9.40326E-03  -3.17966E-32
         362   3.62000E+01   1.55031E+01  -1.72095E-15  -3.67883E-14   0.00000E+00   9.37293E-03   1.13133E-32
         363   3.63000E+01   1.55031E+01  -1.76844E-15  -3.68091E-14   0.00000E+00   9.34279E-03   4.34578E-32
         364   3.64000E+01   1.55031E+01  -1.71488E-15  -3.67970E-14   0.00000E+00   9.31282E-03  -1.11486E-31
         365   3.65000E+01   1.55031E+01  -1.57209E-15  -3.67883E-14   0.00000E+00   9.28304E-03   9.04747E-32
         366   3.66000E+01   1.55031E+01  -1.30679E-15  -3.67935E-14   0.00000E+00   9.25343E-03   4.39244E-31
         367   3.67000E+01   1.55031E+01  -5.67688E-16  -3.68022E-14   0.00000E+00   9.22400E-03   5.25590E-31
         368   3.68000E+01   1.55031E+01  -4.73363E-16  -3.68039E-14   0.00000E+00   9.19473E-03   5.51004E-31
         369   3.69000E+01   1.55031E+01  -5.80265E-16  -3.67796E-14   0.00000E+00   9.16564E-03   1.99814E-30
         370   3.70000E+01   1.55031E+01  -5.73001E-16  -3.68178E-14   0.00000E+00   9.13672E-03  -3.30907E-30
         371   3.71000E+01   1.55031E+01  -5.83734E-16  -3.67727E-14   0.00000E+00   9.10797E-03  -4.73673E-30
         372   3.72000E+01   1.55031E+01  -6.36644E-16  -3.67692E-14   0.00000E+00   9.07938E-03   1.92181E-29
         373   3.73000E+01   1.55031E+01  -6.79036E-16  -3.67796E-14   0.00000E+00   9.05096E-03   1.18842E-28
         374   3.74000E+01   1.55031E+01  -7.00069E-16  -3.67744E-14   0.00000E+00   9.02270E-03  -2.10771E-28
         375   3.75000E+01   1.55031E+01  -6.54641E-16  -3.68039E-14   0.00000E+00   8.99459E-03  -4.54764E-28
         376   3.76000E+01   1.55031E+01  -5.95878E-16  -3.68108E-14   0.00000E+00   8.96665E-03   1.63449E-27
         377   3.77000E+01   1.55031E+01  -5.92516E-16  -3.68108E-14   0.00000E+00   8.93887E-03  -4.20228E-27
         378   3.78000E+01   1.55031E+01  -6.04551E-16  -3.67970E-14   0.00000E+00   8.91124E-03  -2.19337E-27
         379   3.79000E+01   1.55031E+01  -5.98805E-16  -3.67900E-14   0.00000E+00   8.88376E-03  -2.58768E-26
         380   3.80000E+01   1.55031E+01  -6.21573E-16  -3.67727E-14   0.00000E+00   8.85644E-03  -4.76393E-26
         381   3.81000E+01   1.55031E+01  -5.87529E-16  -3.67709E-14   0.00000E+00   8.82927E-03  -1.10833E-25
         382   3.82000E+01   1.55031E+01  -5.94360E-16  -3.67588E-14   0.00000E+00   8.80224E-03  -2.10056E-25
         383   3.83000E+01   1.55031E+01  -6.07695E-16  -3.67657E-14   0.00000E+00   8.77537E-03  -3.07008E-25
         384   3.84000E+01   1.55031E+01  -5.94360E-16  -3.67345E-14   0.00000E+00   8.74864E-03  -4.76466E-25
         385   3.85000E+01   1.55031E+01  -6.17995E-16  -3.67414E-14   0.00000E+00   8.72206E-03  -7.05049E-25
         386   3.86000E+01   1.55031E+01  -6.52148E-16  -3.67310E-14   0.00000E+00   8.69562E-03  -8.38928E-25
         387   3.87000E+01   1.55031E+01  -6.15935E-16  -3.67380E-14   0.00000E+00   8.66932E-03  -1.32651E-24
         388   3.88000E+01   1.55031E+01  -6.56376E-16  -3.67206E-14   0.00000E+00   8.64317E-03  -2.56040E-24
         389   3.89000E+01   1.55031E+01  -5.66496E-16  -3.67484E-14   0.00000E+00   8.61715E-03  -4.42868E-24
         390   3.90000E+01   1.55031E+01  -6.71989E-16  -3.67519E-14   0.00000E+00   8.59127E-03  -4.13620E-24
         391   3.91000E+01   1.55031E+01  -6.24175E-16  -3.67536E-14   0.00000E+00   8.56553E-03  -7.96261E-24
         392   3.92000E+01   1.55031E+01  -6.49871E-16  -3.67657E-14   0.00000E+00   8.53992E-03  -1.33134E-23
         393   3.93000E+01   1.55031E+01  -6.65592E-16  -3.67449E-14   0.00000E+00   8.51445E-03  -3.18170E-23
         394   3.94000E+01   1.55031E+01  -6.89444E-16  -3.67727E-14   0.00000E+00   8.48911E-03  -3.29794E-23
         395   3.95000E+01   1.55031E+01  -6.97250E-16  -3.67935E-14   0.00000E+00   8.46391E-03  -5.87484E-23
         396   3.96000E+01   1.55031E+01  -6.82072E-16  -3.67484E-14   0.00000E+00   8.43883E-03  -3.38385E-22
         397   3.97000E+01   1.55031E+01  -6.67001E-16  -3.67553E-14   0.00000E+00   8.41389E-03  -9.59124E-22
         398   3.98000E+01   1.55031E+01  -6.72747E-16  -3.67588E-14   0.00000E+00   8.38907E-03  -2.15975E-21
         399   3.99000E+01   1.55031E+01  -6.37945E-16  -3.67536E-14   0.00000E+00   8.36438E-03   2.89021E-21
         400   4.00000E+01   1.55031E+01  -6.76651E-16  -3.67449E-14   0.00000E+00   8.33981E-03  -8.43324E-20
         401   4.01000E+01   1.55031E+01  -6.61363E-16  -3.67293E-14   0.00000E+00   8.31537E-03  -2.58568E-18
         402   4.02000E+01   1.55031E+01  -6.22657E-16  -3.67310E-14   0.00000E+00   8.29106E-03   1.09554E-17
         403   4.03000E+01   1.55031E+01  -6.64508E-16  -3.67414E-14   0.00000E+00   8.26687E-03  -4.90355E-17
         404   4.04000E+01   1.55031E+01  -6.62664E-16  -3.67345E-14   0.00000E+00   8.24279E-03  -3.95786E-17
         405   4.05000E+01   1.55031E+01  -6.62556E-16  -3.67432E-14   0.00000E+00   8.21884E-03  -4.63055E-17
         406   4.06000E+01   1.55031E+01  -6.65483E-16  -3.67571E-14   0.00000E+00   8.19501E-03  -4.98489E-17
         407   4.07000E+01   1.55031E+01  -6.63965E-16  -3.67588E-14   0.00000E+00   8.17130E-03  -5.11226E-17
         408   4.08000E+01   1.55031E+01  -6.65700E-16  -3.67657E-14   0.00000E+00   8.14771E-03  -5.21496E-17
         409   4.09000E+01   1.55031E+01  -6.62881E-16  -3.67796E-14   0.00000E+00   8.12423E-03  -5.34577E-17
         410   4.10000E+01   1.55031E+01  -6.66893E-16  -3.67571E-14   0.00000E+00   8.10087E-03  -5.54096E-17
         411   4.11000E+01   1.55031E+01  -6.77735E-16  -3.67692E-14   0.00000E+00   8.07762E-03  -5.54753E-17
         412   4.12000E+01   1.55031E+01  -6.82505E-16  -3.67414E-14   0.00000E+00   8.05449E-03  -5.56066E-17
         413   4.13000E+01   1.55031E+01  -6.77193E-16  -3.67345E-14   0.00000E+00   8.03146E-03  -1.23894E-16
         414   4.14000E+01   1.55031E+01  -6.70037E-16  -3.67380E-14   0.00000E+00   8.00856E-03   2.89514E-15
         415   4.15000E+01   1.55031E+01  -6.72205E-16  -3.67362E-14   0.00000E+00   7.98576E-03  -5.50102E-14
         416   4.16000E+01   1.55031E+01  -6.85107E-16  -3.67033E-14   0.00000E+00   7.96307E-03  -2.53574E-13
         417   4.17000E+01   1.55031E+01  -6.67652E-16  -3.67067E-14   0.00000E+00   7.94049E-03  -6.17174E-12
         418   4.18000E+01   1.55031E+01  -6.86192E-16  -3.67276E-14   0.00000E+00   7.91802E-03   1.30186E-10
         419   4.19000E+01   1.55031E+01  -6.38270E-16  -3.66963E-14   0.00000E+00   7.89566E-03   1.30768E-09
         420   4.20000E+01   1.55031E+01  -6.48244E-16  -3.66790E-14   0.00000E+00   7.87340E-03   1.06155E-07
         421   4.21000E+01   1.55031E+01  -6.28837E-16  -3.67189E-14   0.00000E+00   7.85125E-03   2.91868E-07
         422   4.22000E+01   1.55031E+01  -6.58870E-16  -3.67137E-14   0.00000E+00   7.82920E-03   6.48826E-06
         423   4.23000E+01   1.55031E+01  -6.48895E-16  -3.66669E-14   0.00000E+00   7.80726E-03  -5.98395E-06
         424   4.24000E+01   1.55031E+01  -6.58002E-16  -3.66877E-14   0.00000E+00   7.78542E-03   2.74687E-04
         425   4.25000E+01   1.55031E+01  -6.56159E-16  -3.67154E-14   0.00000E+00   7.76369E-03   4.53610E-04
         426   4.26000E+01   1.55031E+01  -6.35451E-16  -3.66929E-14   0.00000E+00   7.74205E-03   2.53315E-05
         427   4.27000E+01   1.55031E+01  -6.29759E-16  -3.67241E-14   0.00000E+00   7.72052E-03  -2.60953E-02
         428   4.28000E+01   1.55031E+01  -6.58707E-16  -3.67120E-14   0.00000E+00   7.69909E-03   3.76057E-02
         429   4.29000E+01   1.55031E+01  -6.72585E-16  -3.67154E-14   0.00000E+00   7.67776E-03  -1.33590E-01
         430   4.30000E+01   1.55031E+01  -6.42010E-16  -3.67293E-14   0.00000E+00   7.65652E-03  -7.32772E-01
         431   4.31000E+01   1.55031E+01  -6.28187E-16  -3.67050E-14   0.00000E+00   7.63539E-03   9.21821E-01
         432   4.32000E+01   1.55031E+01  -6.50955E-16  -3.67033E-14   0.00000E+00   7.61435E-03   6.17091E-01
         433   4.33000E+01   1.55031E+01  -6.52581E-16  -3.66998E-14   0.00000E+00   7.59340E-03  -2.53524E+01
         434   4.34000E+01   1.55031E+01  -6.37945E-16  -3.66825E-14   0.00000E+00   7.57256E-03  -3.08504E+01
         435   4.35000E+01   1.55031E+01  -6.21194E-16  -3.66755E-14   0.00000E+00   7.55181E-03   2.70200E+02
         436   4.36000E+01   1.55031E+01  -6.45371E-16  -3.67067E-14   0.00000E+00   7.53115E-03   6.70454E+02
         437   4.37000E+01   1.55031E+01  -6.33770E-16  -3.67241E-14   0.00000E+00   7.51059E-03  -5.49957E+04
         438   4.38000E+01   1.55031E+01  -6.20109E-16  -3.67189E-14   0.00000E+00   7.49012E-03   3.76001E+06
         439   4.39000E+01   1.55031E+01  -6.09267E-16  -3.67067E-14   0.00000E+00   7.46974E-03   1.69106E+08
         440   4.40000E+01   1.55031E+01  -6.08183E-16  -3.67120E-14   0.00000E+00   7.44946E-03   5.27881E+10
         441   4.41000E+01   1.55031E+01  -6.25259E-16  -3.66963E-14   0.00000E+00   7.42926E-03  -8.38414E+11
         442   4.42000E+01   1.55031E+01  -6.19838E-16  -3.66790E-14   0.00000E+00   7.40916E-03   6.54285E+13
         443   4.43000E+01   1.55031E+01  -6.08996E-16  -3.67085E-14   0.00000E+00   7.38915E-03   2.59056E+15
         444   4.44000E+01   1.55031E+01  -6.25476E-16  -3.66998E-14   0.00000E+00   7.36922E-03   3.72884E+16
         445   4.45000E+01   1.55031E+01  -5.85361E-16  -3.66963E-14   0.00000E+00   7.34939E-03   1.26580E+18
         446   4.46000E+01   1.55031E+01  -6.17236E-16  -3.66981E-14   0.00000E+00   7.32964E-03  -1.30081E+19
         447   4.47000E+01   1.55031E+01  -6.30247E-16  -3.67172E-14   0.00000E+00   7.30998E-03   1.54463E+20
         448   4.48000E+01   1.55031E+01  -6.01895E-16  -3.67154E-14   0.00000E+00   7.29041E-03  -6.19619E+21
         449   4.49000E+01   1.55031E+01  -6.16261E-16  -3.66946E-14   0.00000E+00   7.27092E-03   6.67447E+21
         450   4.50000E+01   1.55031E+01  -6.25747E-16  -3.66807E-14   0.00000E+00   7.25152E-03  -5.06383E+23
         451   4.51000E+01   1.55031E+01  -6.26452E-16  -3.67102E-14   0.00000E+00   7.23221E-03  -1.67878E+24
         452   4.52000E+01   1.55031E+01  -5.91053E-16  -3.67015E-14   0.00000E+00   7.21298E-03  -2.31990E+25
         453   4.53000E+01   1.55031E+01  -6.09810E-16  -3.66998E-14   0.00000E+00   7.19383E-03  -4.67108E+25
         454   4.54000E+01   1.55031E+01  -6.17670E-16  -3.66790E-14   0.00000E+00   7.17476E-03  -5.55019E+26
         455   4.55000E+01   1.55031E+01  -6.34312E-16  -3.66599E-14   0.00000E+00   7.15578E-03  -8.39434E+27
         456   4.56000E+01   1.55031E+01  -6.29705E-16  -3.66426E-14   0.00000E+00   7.13689E-03  -3.52872E+28
         457   4.57000E+01   1.55031E+01  -6.37728E-16  -3.66582E-14   0.00000E+00   7.11807E-03  -4.40814E+29
         458   4.58000E+01   1.55031E+01  -6.16803E-16  -3.66235E-14   0.00000E+00   7.09934E-03  -4.79903E+29
         459   4.59000E+01   1.55031E+01  -5.93818E-16  -3.66322E-14   0.00000E+00   7.08068E-03   4.38334E+29
         460   4.60000E+01   1.55031E+01  -6.35451E-16  -3.66426E-14   0.00000E+00   7.06211E-03   2.60478E+30
         461   4.61000E+01   1.55031E+01  -6.40709E-16  -3.66287E-14   0.00000E+00   7.04361E-03  -1.71210E+31
         462   4.62000E+01   1.55031E+01  -6.20597E-16  -3.66235E-14   0.00000E+00   7.02520E-03  -5.01511E+31
         463   4.63000E+01   1.55031E+01  -6.26777E-16  -3.66217E-14   0.00000E+00   7.00686E-03  -1.78742E+32
         464   4.64000E+01   1.55031E+01  -6.29163E-16  -3.66096E-14   0.00000E+00   6.98860E-03  -2.88976E+32
         465   4.65000E+01   1.55031E+01  -6.24392E-16  -3.66651E-14   0.00000E+00   6.97042E-03  -9.87963E+32
         466   4.66000E+01   1.55031E+01  -6.36535E-16  -3.66877E-14   0.00000E+00   6.95232E-03  -1.43633E+33
         467   4.67000E+01   1.55031E+01  -6.31223E-16  -3.67189E-14   0.00000E+00   6.93430E-03  -4.30941E+33
         468   4.68000E+01   1.55031E+01  -6.05961E-16  -3.67414E-14   0.00000E+00   6.91635E-03   1.95443E+33
         469   4.69000E+01   1.55031E+01  -6.09105E-16  -3.66755E-14   0.00000E+00   6.89847E-03  -1.23586E+34
         470   4.70000E+01   1.55031E+01  -6.15231E-16  -3.67293E-14   0.00000E+00   6.88067E-03   3.05321E+34
         471   4.71000E+01   1.55031E+01  -5.99997E-16  -3.67293E-14   0.00000E+00   6.86295E-03   8.60876E+35
         472   4.72000E+01   1.55031E+01  -5.97016E-16  -3.67588E-14   0.00000E+00   6.84530E-03  -4.38107E+35
         473   4.73000E+01   1.55031E+01  -5.94414E-16  -3.67501E-14   0.00000E+00   6.82772E-03   2.05051E+37
         474   4.74000E+01   1.55031E+01  -5.97775E-16  -3.68386E-14   0.00000E+00   6.81022E-03   8.10580E+36
         475   4.75000E+01   1.55031E+01  -5.98480E-16  -3.68733E-14   0.00000E+00   6.79279E-03   4.08688E+34
         476   4.76000E+01   1.55031E+01  -5.60018E-16  -3.68924E-14   0.00000E+00   6.77543E-03   7.54803E+37
         477   4.77000E+01   1.55031E+01  -5.85632E-16  -3.69704E-14   0.00000E+00   6.75815E-03   1.42216E+38
         478   4.78000E+01   1.55031E+01  -5.57768E-16  -3.69652E-14   0.00000E+00   6.74093E-03  -8.75906E+36
         479   4.79000E+01   1.55031E+01  -5.68285E-16  -3.69930E-14   0.00000E+00   6.72379E-03  -3.46243E+38
         480   4.80000E+01   1.55031E+01  -5.71347E-16  -3.71127E-14   0.00000E+00   6.70671E-03  -1.12360E+39
         481   4.81000E+01   1.55031E+01  -5.61048E-16  -3.71543E-14   0.00000E+00   6.68971E-03  -1.61493E+39
         482   4.82000E+01   1.55031E+01  -5.61264E-16  -3.74561E-14   0.00000E+00   6.67278E-03  -9.05204E+38
         483   4.83000E+01   1.55031E+01  -5.56819E-16  -3.77458E-14   0.00000E+00   6.65591E-03  -1.32625E+39
         484   4.84000E+01   1.55031E+01  -5.60207E-16  -3.74891E-14   0.00000E+00   6.63912E-03  -1.42953E+39
         485   4.85000E+01   1.55031E+01  -5.70616E-16  -3.64431E-14   0.00000E+00   6.62239E-03  -5.43509E+39
         486   4.86000E+01   1.55031E+01  -5.45625E-16  -3.39763E-14   0.00000E+00   6.60573E-03  -1.26089E+40
         487   4.87000E+01   1.55031E+01  -5.49121E-16  -3.47535E-14   0.00000E+00   6.58913E-03  -1.93312E+40
         488   4.88000E+01   1.55031E+01  -5.68366E-16  -3.45036E-14   0.00000E+00   6.57261E-03  -1.68186E+40
         489   4.89000E+01   1.55031E+01  -5.62565E-16  -3.49651E-14   0.00000E+00   6.55615E-03  -2.53885E+40
         490   4.90000E+01   1.55031E+01  -5.62457E-16  -3.48714E-14   0.00000E+00   6.53976E-03  -3.04608E+40
         491   4.91000E+01   1.55031E+01  -5.71429E-16  -3.49269E-14   0.00000E+00   6.52343E-03  -1.15827E+40
         492   4.92000E+01   1.55031E+01  -5.59719E-16  -3.48940E-14   0.00000E+00   6.50717E-03  -2.33376E+40
         493   4.93000E+01   1.55031E+01  -5.79886E-16  -3.49512E-14   0.00000E+00   6.49097E-03   5.31289E+40
         494   4.94000E+01   1.55031E+01  -5.50964E-16  -3.49200E-14   0.00000E+00   6.47484E-03   2.71545E+41
         495   4.95000E+01   1.55031E+01  -5.33753E-16  -3.49720E-14   0.00000E+00   6.45877E-03   1.83179E+41
         496   4.96000E+01   1.55031E+01  -5.29145E-16  -3.48593E-14   0.00000E+00   6.44277E-03   2.92277E+41
         497   4.97000E+01   1.55031E+01  -4.99573E-16  -3.48315E-14   0.00000E+00   6.42683E-03   1.96430E+41
         498   4.98000E+01   1.55031E+01  -4.86671E-16  -3.48558E-14   0.00000E+00   6.41095E-03   4.06595E+41
         499   4.99000E+01   1.55031E+01  -4.75450E-16  -3.48766E-14   0.00000E+00   6.39514E-03   1.12169E+42
         500   5.00000E+01   1.55031E+01  -4.95535E-16  -3.48593E-14   0.00000E+00   6.37938E-03   1.38097E+42
         501   5.01000E+01   1.55031E+01  -8.15700E-16  -3.49391E-14   0.00000E+00   6.36369E-03  -1.02826E+42
         502   5.02000E+01   1.55031E+01  -1.19181E-15  -3.49564E-14   0.00000E+00   6.34806E-03  -4.44069E+42
         503   5.03000E+01   1.55031E+01  -1.32012E-15  -3.50206E-14   0.00000E+00   6.33249E-03  -1.42863E+43
         504   5.04000E+01   1.55031E+01  -1.25233E-15  -3.50744E-14   0.00000E+00   6.31698E-03  -8.43350E+42
         505   5.05000E+01   1.55031E+01  -1.25999E-15  -3.50275E-14   0.00000E+00   6.30154E-03  -2.36051E+43
         506   5.06000E+01   1.55031E+01  -1.26577E-15  -3.50397E-14   0.00000E+00   6.28615E-03  -2.09626E+43
         507   5.07000E+01   1.55031E+01  -1.23396E-15  -3.50119E-14   0.00000E+00   6.27082E-03   2.08645E+43
         508   5.08000E+01   1.55031E+01  -1.25025E-15  -3.49078E-14   0.00000E+00   6.25555E-03  -3.46478E+44
         509   5.09000E+01   1.55031E+01  -1.22035E-15  -3.48992E-14   0.00000E+00   6.24034E-03  -1.06680E+45
         510   5.10000E+01   1.55031E+01  -1.21695E-15  -3.48228E-14   0.00000E+00   6.22519E-03  -2.95536E+45
         511   5.11000E+01   1.55031E+01  -1.16933E-15  -3.48159E-14   0.00000E+00   6.21010E-03  -8.46540E+44
         512   5.12000E+01   1.55031E+01  -1.19735E-15  -3.48610E-14   0.00000E+00   6.19506E-03  -1.28042E+46
         513   5.13000E+01   1.55031E+01  -1.22923E-15  -3.48992E-14   0.00000E+00   6.18008E-03   4.11562E+46
         514   5.14000E+01   1.55031E+01  -1.21142E-15  -3.48558E-14   0.00000E+00   6.16516E-03  -8.52690E+46
         515   5.15000E+01   1.55031E+01  -1.20557E-15  -3.48523E-14   0.00000E+00   6.15030E-03  -7.52244E+47
         516   5.16000E+01   1.55031E+01  -1.18647E-15  -3.48853E-14   0.00000E+00   6.13549E-03   1.78014E+49
         517   5.17000E+01   1.55031E+01  -1.18872E-15  -3.48714E-14   0.00000E+00   6.12074E-03   1.52267E+50
         518   5.18000E+01   1.55031E+01  -1.21738E-15  -3.48784E-14   0.00000E+00   6.10604E-03  -3.63864E+50
         519   5.19000E+01   1.55031E+01  -1.21090E-15  -3.48784E-14   0.00000E+00   6.09140E-03  -1.97185E+52
         520   5.20000E+01   1.55031E+01  -1.18726E-15  -3.49408E-14   0.00000E+00   6.07681E-03  -6.82186E+52
         521   5.21000E+01   1.55031E+01  -1.20930E-15  -3.49686E-14   0.00000E+00   6.06228E-03  -4.73223E+55
         522   5.22000E+01   1.55031E+01  -1.19723E-15  -3.49686E-14   0.00000E+00   6.04781E-03   1.12410E+58
         523   5.23000E+01   1.55031E+01  -1.19802E-15  -3.49911E-14   0.00000E+00   6.03338E-03  -1.02812E+59
         524   5.24000E+01   1.55031E+01  -1.20409E-15  -3.49564E-14   0.00000E+00   6.01902E-03   2.17547E+60
         525   5.25000E+01   1.55031E+01  -1.20670E-15  -3.49963E-14   0.00000E+00   6.00470E-03   1.80138E+61
         526   5.26000E+01   1.55031E+01  -1.21193E-15  -3.50067E-14   0.00000E+00   5.99044E-03   1.26868E+62
         527   5.27000E+01   1.55031E+01  -1.19835E-15  -3.49529E-14   0.00000E+00   5.97623E-03   2.19934E+63
         528   5.28000E+01   1.55031E+01  -1.20246E-15  -3.49373E-14   0.00000E+00   5.96208E-03   2.48139E+62
         529   5.29000E+01   1.55031E+01  -1.21236E-15  -3.49512E-14   0.00000E+00   5.94797E-03   5.57951E+64
         530   5.30000E+01   1.55031E+01  -1.20050E-15  -3.49824E-14   0.00000E+00   5.93392E-03   3.80649E+64
         531   5.31000E+01   1.55031E+01  -1.18646E-15  -3.49703E-14   0.00000E+00   5.91992E-03  -7.36919E+65
         532   5.32000E+01   1.55031E+01  -1.20251E-15  -3.48940E-14   0.00000E+00   5.90598E-03  -1.24962E+66
         533   5.33000E+01   1.55031E+01  -1.21642E-15  -3.48940E-14   0.00000E+00   5.89208E-03   9.85495E+65
         534   5.34000E+01   1.55031E+01  -1.21735E-15  -3.49824E-14   0.00000E+00   5.87823E-03   3.36173E+66
         535   5.35000E+01   1.55031E+01  -1.22100E-15  -3.49443E-14   0.00000E+00   5.86444E-03   2.66116E+68
         536   5.36000E+01   1.55031E+01  -1.23935E-15  -3.49009E-14   0.00000E+00   5.85069E-03   6.36680E+69
         537   5.37000E+01   1.55031E+01  -1.26420E-15  -3.49078E-14   0.00000E+00   5.83700E-03   5.16939E+69
         538   5.38000E+01   1.55031E+01  -1.20151E-15  -3.49425E-14   0.00000E+00   5.82335E-03   1.08052E+72
         539   5.39000E+01   1.55031E+01  -1.22635E-15  -3.48437E-14   0.00000E+00   5.80976E-03  -4.50608E+72
         540   5.40000E+01   1.55031E+01  -1.24182E-15  -3.48419E-14   0.00000E+00   5.79621E-03  -1.04364E+74
         541   5.41000E+01   1.55031E+01  -1.21362E-15  -3.47795E-14   0.00000E+00   5.78272E-03  -3.14241E+74
         542   5.42000E+01   1.55031E+01  -1.23835E-15  -3.47274E-14   0.00000E+00   5.76927E-03  -1.28017E+74
         543   5.43000E+01   1.55031E+01  -1.24724E-15  -3.48003E-14   0.00000E+00   5.75587E-03   1.29894E+74
         544   5.44000E+01   1.55031E+01  -1.20993E-15  -3.48124E-14   0.00000E+00   5.74252E-03   3.08216E+73
         545   5.45000E+01   1.55031E+01  -1.21198E-15  -3.47899E-14   0.00000E+00   5.72921E-03  -8.78277E+72
         546   5.46000E+01   1.55031E+01  -1.22571E-15  -3.48437E-14   0.00000E+00   5.71596E-03   5.25752E+73
         547   5.47000E+01   1.55031E+01  -1.22397E-15  -3.49391E-14   0.00000E+00   5.70275E-03   7.35985E+73
         548   5.48000E+01   1.55031E+01  -1.22071E-15  -3.49807E-14   0.00000E+00   5.68959E-03   9.64802E+73
         549   5.49000E+01   1.55031E+01  -1.22230E-15  -3.49928E-14   0.00000E+00   5.67647E-03   7.19757E+73
         550   5.50000E+01   1.55031E+01  -1.20339E-15  -3.51628E-14   0.00000E+00   5.66340E-03   9.52724E+73
         551   5.51000E+01   1.55031E+01  -1.21052E-15  -3.58203E-14   0.00000E+00   5.65038E-03   1.63496E+74
         552   5.52000E+01   1.55031E+01  -1.24582E-15  -3.54439E-14   0.00000E+00   5.63741E-03   7.52429E+73
         553   5.53000E+01   1.55031E+01  -1.20897E-15  -3.60458E-14   0.00000E+00   5.62448E-03   3.87899E+74
         554   5.54000E+01   1.55031E+01  -1.23255E-15  -2.58838E-14   0.00000E+00   5.61159E-03   9.86176E+74
         555   5.55000E+01   1.55031E+01  -1.21488E-15  -2.66905E-14   0.00000E+00   5.59876E-03  -1.01180E+76
         556   5.56000E+01   1.55031E+01  -1.19052E-15  -2.59948E-14   0.00000E+00   5.58596E-03  -5.54673E+76
         557   5.57000E+01   1.55031E+01  -1.22013E-15  -2.64459E-14   0.00000E+00   5.57322E-03   3.31445E+77
         558   5.58000E+01   1.55031E+01  -1.24040E-15  -2.63591E-14   0.00000E+00   5.56051E-03   6.96836E+77
         559   5.59000E+01   1.55031E+01  -1.21092E-15  -2.64476E-14   0.00000E+00   5.54785E-03   2.26344E+78
         560   5.60000E+01   1.55031E+01  -1.22226E-15  -2.64701E-14   0.00000E+00   5.53524E-03   2.81727E+78
         561   5.61000E+01   1.55031E+01  -1.21145E-15  -2.64250E-14   0.00000E+00   5.52267E-03   2.86293E+78
         562   5.62000E+01   1.55031E+01  -1.22561E-15  -2.64181E-14   0.00000E+00   5.51014E-03   2.87171E+78
         563   5.63000E+01   1.55031E+01  -1.22714E-15  -2.63106E-14   0.00000E+00   5.49766E-03   2.87348E+78
         564   5.64000E+01   1.55031E+01  -1.22470E-15  -2.63019E-14   0.00000E+00   5.48522E-03   2.87464E+78
         565   5.65000E+01   1.55031E+01  -1.24556E-15  -2.63071E-14   0.00000E+00   5.47283E-03   2.87485E+78
         566   5.66000E+01   1.55031E+01  -1.23862E-15  -2.62759E-14   0.00000E+00   5.46047E-03   2.87603E+78
         567   5.67000E+01   1.55031E+01  -1.22680E-15  -2.62516E-14   0.00000E+00   5.44816E-03   2.87454E+78
         568   5.68000E+01   1.55031E+01  -1.23664E-15  -2.63106E-14   0.00000E+00   5.43590E-03   2.86632E+78
         569   5.69000E+01   1.55031E+01  -1.23114E-15  -2.62845E-14   0.00000E+00   5.42367E-03   2.87037E+78
         570   5.70000E+01   1.55031E+01  -1.25408E-15  -2.62776E-14   0.00000E+00   5.41149E-03   2.87983E+78
         571   5.71000E+01   1.55031E+01  -1.28111E-15  -2.62203E-14   0.00000E+00   5.39935E-03   2.89724E+78
         572   5.72000E+01   1.55031E+01  -1.24091E-15  -2.61666E-14   0.00000E+00   5.38725E-03   2.91465E+78
         573   5.73000E+01   1.55031E+01  -1.24994E-15  -2.62047E-14   0.00000E+00   5.37520E-03   2.91895E+78
         574   5.74000E+01   1.55031E+01  -1.27262E-15  -2.62377E-14   0.00000E+00   5.36318E-03   2.88763E+78
         575   5.75000E+01   1.55031E+01  -1.26788E-15  -2.62238E-14   0.00000E+00   5.35121E-03   2.88217E+78
         576   5.76000E+01   1.55031E+01  -1.24835E-15  -2.62151E-14   0.00000E+00   5.33927E-03   2.87243E+78
         577   5.77000E+01   1.55031E+01  -1.26281E-15  -2.62290E-14   0.00000E+00   5.32738E-03   2.90999E+78
         578   5.78000E+01   1.55031E+01  -1.24851E-15  -2.62308E-14   0.00000E+00   5.31553E-03   2.90962E+78
         579   5.79000E+01   1.55031E+01  -1.25801E-15  -2.61961E-14   0.00000E+00   5.30372E-03   2.87417E+78
         580   5.80000E+01   1.55031E+01  -1.25175E-15  -2.61874E-14   0.00000E+00   5.29195E-03   2.88758E+78
         581   5.81000E+01   1.55031E+01  -1.26128E-15  -2.61822E-14   0.00000E+00   5.28022E-03   2.87586E+78
         582   5.82000E+01   1.55031E+01  -1.27959E-15  -2.62013E-14   0.00000E+00   5.26853E-03   2.85320E+78
         583   5.83000E+01   1.55031E+01  -1.25391E-15  -2.62047E-14   0.00000E+00   5.25688E-03   2.83021E+78
         584   5.84000E+01   1.55031E+01  -1.25602E-15  -2.62169E-14   0.00000E+00   5.24527E-03   2.80051E+78
         585   5.85000E+01   1.55031E+01  -1.25351E-15  -2.62099E-14   0.00000E+00   5.23370E-03   2.76576E+78
         586   5.86000E+01   1.55031E+01  -1.26132E-15  -2.62221E-14   0.00000E+00   5.22216E-03   2.76121E+78
         587   5.87000E+01   1.55031E+01  -1.26119E-15  -2.62203E-14   0.00000E+00   5.21067E-03   2.68666E+78
         588   5.88000E+01   1.55031E+01  -1.25750E-15  -2.62516E-14   0.00000E+00   5.19921E-03   2.61092E+78
         589   5.89000E+01   1.55031E+01  -1.27083E-15  -2.62811E-14   0.00000E+00   5.18780E-03   2.57857E+78
         590   5.90000E+01   1.55031E+01  -1.25734E-15  -2.62863E-14   0.00000E+00   5.17642E-03   2.41572E+78
         591   5.91000E+01   1.55031E+01  -1.24624E-15  -2.63192E-14   0.00000E+00   5.16508E-03   2.31107E+78
         592   5.92000E+01   1.55031E+01  -1.27787E-15  -2.63140E-14   0.00000E+00   5.15378E-03   2.38291E+78
         593   5.93000E+01   1.55031E+01  -1.26738E-15  -2.62967E-14   0.00000E+00   5.14252E-03   2.37783E+78
         594   5.94000E+01   1.55031E+01  -1.25660E-15  -2.63036E-14   0.00000E+00   5.13129E-03   2.46685E+78
         595   5.95000E+01   1.55031E+01  -1.24544E-15  -2.62949E-14   0.00000E+00   5.12010E-03   2.97765E+78
         596   5.96000E+01   1.55031E+01  -1.23774E-15  -2.62637E-14   0.00000E+00   5.10895E-03   3.01744E+78
         597   5.97000E+01   1.55031E+01  -1.25645E-15  -2.62759E-14   0.00000E+00   5.09784E-03   2.52881E+78
         598   5.98000E+01   1.55031E+01  -1.25475E-15  -2.62776E-14   0.00000E+00   5.08676E-03   2.27769E+78
         599   5.99000E+01   1.55031E+01  -1.28546E-15  -2.62481E-14   0.00000E+00   5.07572E-03   1.66985E+78
         600   6.00000E+01   1.55031E+01  -1.28695E-15  -2.62498E-14   0.00000E+00   5.06472E-03   1.19094E+78
         601   6.01000E+01   1.55031E+01  -1.28868E-15  -2.62516E-14   0.00000E+00   5.05375E-03   1.05140E+78
         602   6.02000E+01   1.55031E+01  -1.30639E-15  -2.62724E-14   0.00000E+00   5.04282E-03   1.20234E+79
         603   6.03000E+01   1.55031E+01  -1.25604E-15  -2.62464E-14   0.00000E+00   5.03193E-03   1.96222E+79
         604   6.04000E+01   1.55031E+01  -1.25437E-15  -2.62776E-14   0.00000E+00   5.02107E-03   2.64476E+79
         605   6.05000E+01   1.55031E+01  -1.26665E-15  -2.62845E-14   0.00000E+00   5.01025E-03   1.83096E+79
         606   6.06000E+01   1.55031E+01  -1.23855E-15  -2.67945E-14   0.00000E+00   4.99946E-03   2.86115E+79
         607   6.07000E+01   1.55031E+01  -1.31513E-15  -2.67720E-14   0.00000E+00   4.98871E-03   3.66898E+79
         608   6.08000E+01   1.55031E+01  -1.42297E-15  -2.67633E-14   0.00000E+00   4.97799E-03   3.33011E+79
         609   6.09000E+01   1.55031E+01  -1.44124E-15  -2.67668E-14   0.00000E+00   4.96731E-03   2.99974E+79
         610   6.10000E+01   1.55031E+01  -1.43717E-15  -2.67546E-14   0.00000E+00   4.95667E-03   3.91522E+79
         611   6.11000E+01   1.55031E+01  -1.39802E-15  -2.67807E-14   0.00000E+00   4.94606E-03   6.84621E+79
         612   6.12000E+01   1.55031E+01  -1.38313E-15  -2.67390E-14   0.00000E+00   4.93548E-03   3.02507E+79
         613   6.13000E+01   1.55031E+01  -1.39397E-15  -2.67390E-14   0.00000E+00   4.92494E-03   3.21323E+79
         614   6.14000E+01   1.55031E+01  -1.39011E-15  -2.67564E-14   0.00000E+00   4.91444E-03   2.23768E+79
         615   6.15000E+01   1.55031E+01  -1.39912E-15  -2.67598E-14   0.00000E+00   4.90396E-03   4.27852E+79
         616   6.16000E+01   1.55031E+01  -1.40701E-15  -2.67841E-14   0.00000E+00   4.89353E-03   6.76226E+79
         617   6.17000E+01   1.55031E+01  -1.40766E-15  -2.67512E-14   0.00000E+00   4.88312E-03   1.24332E+80
         618   6.18000E+01   1.55031E+01  -1.40709E-15  -2.68049E-14   0.00000E+00   4.87275E-03   1.19005E+80
         619   6.19000E+01   1.55031E+01  -1.40621E-15  -2.67980E-14   0.00000E+00   4.86242E-03   1.31077E+80
         620   6.20000E+01   1.55031E+01  -1.41285E-15  -2.67841E-14   0.00000E+00   4.85212E-03   1.02765E+80
         621   6.21000E+01   1.55031E+01  -1.39921E-15  -2.67997E-14   0.00000E+00   4.84185E-03   9.76127E+79
         622   6.22000E+01   1.55031E+01  -1.42885E-15  -2.67980E-14   0.00000E+00   4.83161E-03   3.33771E+79
         623   6.23000E+01   1.55031E+01  -1.41629E-15  -2.67928E-14   0.00000E+00   4.82141E-03   1.40398E+79
         624   6.24000E+01   1.55031E+01  -1.42218E-15  -2.67841E-14   0.00000E+00   4.81124E-03   2.22031E+79
         625   6.25000E+01   1.55031E+01  -1.43700E-15  -2.67564E-14   0.00000E+00   4.80110E-03   4.18064E+79
         626   6.26000E+01   1.55031E+01  -1.41222E-15  -2.68015E-14   0.00000E+00   4.79100E-03   1.34094E+80
         627   6.27000E+01   1.55031E+01  -1.40194E-15  -2.67755E-14   0.00000E+00   4.78093E-03   1.28819E+80
         628   6.28000E+01   1.55031E+01  -1.42619E-15  -2.67893E-14   0.00000E+00   4.77089E-03   6.99674E+79
         629   6.29000E+01   1.55031E+01  -1.42186E-15  -2.67807E-14   0.00000E+00   4.76088E-03   5.51460E+79
         630   6.30000E+01   1.55031E+01  -1.41249E-15  -2.67911E-14   0.00000E+00   4.75091E-03   2.66901E+79
         631   6.31000E+01   1.55031E+01  -1.42908E-15  -2.67841E-14   0.00000E+00   4.74096E-03   3.59534E+79
         632   6.32000E+01   1.55031E+01  -1.44035E-15  -2.68015E-14   0.00000E+00   4.73105E-03  -4.33641E+79
         633   6.33000E+01   1.55031E+01  -1.42386E-15  -2.68154E-14   0.00000E+00   4.72118E-03  -3.35797E+79
         634   6.34000E+01   1.55031E+01  -1.42071E-15  -2.68102E-14   0.00000E+00   4.71133E-03  -1.23319E+79
         635   6.35000E+01   1.55031E+01  -1.42796E-15  -2.68154E-14   0.00000E+00   4.70151E-03  -5.80118E+79
         636   6.36000E+01   1.55031E+01  -1.45434E-15  -2.68067E-14   0.00000E+00   4.69173E-03  -4.89801E+79
         637   6.37000E+01   1.55031E+01  -1.45310E-15  -2.67945E-14   0.00000E+00   4.68197E-03  -1.76583E+79
         638   6.38000E+01   1.55031E+01  -1.47980E-15  -2.68084E-14   0.00000E+00   4.67225E-03   9.58758E+79
         639   6.39000E+01   1.55031E+01  -1.46114E-15  -2.68223E-14   0.00000E+00   4.66256E-03   1.45232E+80
         640   6.40000E+01   1.55031E+01  -1.45866E-15  -2.68310E-14   0.00000E+00   4.65290E-03   2.10959E+80
         641   6.41000E+01   1.55031E+01  -1.45392E-15  -2.68154E-14   0.00000E+00   4.64327E-03   4.36594E+80
         642   6.42000E+01   1.55031E+01  -1.44889E-15  -2.68154E-14   0.00000E+00   4.63367E-03  -4.27412E+81
         643   6.43000E+01   1.55031E+01  -1.44585E-15  -2.68084E-14   0.00000E+00   4.62410E-03  -3.67015E+81
         644   6.44000E+01   1.55031E+01  -1.45214E-15  -2.68362E-14   0.00000E+00   4.61456E-03  -5.41907E+80
         645   6.45000E+01   1.55031E+01  -1.46152E-15  -2.68171E-14   0.00000E+00   4.60505E-03   1.76004E+79
         646   6.46000E+01   1.55031E+01  -1.46607E-15  -2.68223E-14   0.00000E+00   4.59558E-03  -5.28012E+80
         647   6.47000E+01   1.55031E+01  -1.47689E-15  -2.68275E-14   0.00000E+00   4.58613E-03  -6.61173E+80
         648   6.48000E+01   1.55031E+01  -1.48126E-15  -2.68188E-14   0.00000E+00   4.57671E-03  -1.30544E+81
         649   6.49000E+01   1.55031E+01  -1.45959E-15  -2.68206E-14   0.00000E+00   4.56732E-03  -1.28483E+81
         650   6.50000E+01   1.55031E+01  -1.48628E-15  -2.68396E-14   0.00000E+00   4.55796E-03  -2.45537E+80
         651   6.51000E+01   1.55031E+01  -1.46182E-15  -2.68414E-14   0.00000E+00   4.54863E-03  -4.73358E+80
         652   6.52000E+01   1.55031E+01  -1.46890E-15  -2.68327E-14   0.00000E+00   4.53932E-03  -4.29589E+81
         653   6.53000E+01   1.55031E+01  -1.47990E-15  -2.68605E-14   0.00000E+00   4.53005E-03  -1.05834E+82
         654   6.54000E+01   1.55031E+01  -1.46043E-15  -2.68483E-14   0.00000E+00   4.52081E-03   9.46531E+81
         655   6.55000E+01   1.55031E+01  -1.46302E-15  -2.68396E-14   0.00000E+00   4.51159E-03  -1.45243E+83
         656   6.56000E+01   1.55031E+01  -1.50026E-15  -2.68518E-14   0.00000E+00   4.50241E-03   4.37409E+83
         657   6.57000E+01   1.55031E+01  -1.47480E-15  -2.68154E-14   0.00000E+00   4.49325E-03   9.35937E+83
         658   6.58000E+01   1.55031E+01  -1.47044E-15  -2.68466E-14   0.00000E+00   4.48412E-03   1.03519E+84
         659   6.59000E+01   1.55031E+01  -1.45635E-15  -2.68605E-14   0.00000E+00   4.47502E-03   1.05744E+84
         660   6.60000E+01   1.55031E+01  -1.46907E-15  -2.68448E-14   0.00000E+00   4.46595E-03   1.05116E+84
         661   6.61000E+01   1.55031E+01  -1.46809E-15  -2.68466E-14   0.00000E+00   4.45691E-03   1.09161E+84
         662   6.62000E+01   1.55031E+01  -1.45670E-15  -2.68500E-14   0.00000E+00   4.44789E-03   1.09189E+84
         663   6.63000E+01   1.55031E+01  -1.47948E-15  -2.68379E-14   0.00000E+00   4.43890E-03   1.09180E+84
         664   6.64000E+01   1.55031E+01  -1.49408E-15  -2.68136E-14   0.00000E+00   4.42994E-03   1.09285E+84
         665   6.65000E+01   1.55031E+01  -1.46320E-15  -2.67997E-14   0.00000E+00   4.42101E-03   1.09379E+84
         666   6.66000E+01   1.55031E+01  -1.47025E-15  -2.68466E-14   0.00000E+00   4.41211E-03   1.09217E+84
         667   6.67000E+01   1.55031E+01  -1.48532E-15  -2.68431E-14   0.00000E+00   4.40323E-03   1.09364E+84
         668   6.68000E+01   1.55031E+01  -1.47819E-15  -2.68015E-14   0.00000E+00   4.39438E-03   1.09350E+84
         669   6.69000E+01   1.55031E+01  -1.46211E-15  -2.68258E-14   0.00000E+00   4.38556E-03   1.08250E+84
         670   6.70000E+01   1.55031E+01  -1.48436E-15  -2.68310E-14   0.00000E+00   4.37676E-03   1.06684E+84
         671   6.71000E+01   1.55031E+01  -1.47104E-15  -2.68102E-14   0.00000E+00   4.36799E-03   1.09314E+84
         672   6.72000E+01   1.55031E+01  -1.47227E-15  -2.68032E-14   0.00000E+00   4.35925E-03   1.14801E+84
         673   6.73000E+01   1.55031E+01  -1.46073E-15  -2.68154E-14   0.00000E+00   4.35054E-03   1.61861E+84
         674   6.74000E+01   1.55031E+01  -1.44063E-15  -2.68396E-14   0.00000E+00   4.34185E-03   3.14047E+84
         675   6.75000E+01   1.55031E+01  -1.44987E-15  -2.68310E-14   0.00000E+00   4.33319E-03  -7.06684E+83
         676   6.76000E+01   1.55031E+01  -1.45140E-15  -2.67807E-14   0.00000E+00   4.32456E-03  -1.07568E+84
         677   6.77000E+01   1.55031E+01  -1.46244E-15  -2.68032E-14   0.00000E+00   4.31595E-03   5.84167E+85
         678   6.78000E+01   1.55031E+01  -1.45233E-15  -2.67009E-14   0.00000E+00   4.30737E-03   1.75053E+86
         679   6.79000E+01   1.55031E+01  -1.46055E-15  -2.65343E-14   0.00000E+00   4.29881E-03  -1.67677E+86
         680   6.80000E+01   1.55031E+01  -1.43492E-15  -2.66818E-14   0.00000E+00   4.29028E-03  -1.04831E+87
         681   6.81000E+01   1.55031E+01  -1.45125E-15  -2.67772E-14   0.00000E+00   4.28178E-03  -7.10045E+86
         682   6.82000E+01   1.55031E+01  -1.45440E-15  -2.66558E-14   0.00000E+00   4.27330E-03  -2.14509E+88
         683   6.83000E+01   1.55031E+01  -1.46701E-15  -2.66228E-14   0.00000E+00   4.26485E-03  -3.87601E+88
         684   6.84000E+01   1.55031E+01  -1.44996E-15  -2.66315E-14   0.00000E+00   4.25642E-03  -6.12702E+89
         685   6.85000E+01   1.55031E+01  -1.46259E-15  -2.66939E-14   0.00000E+00   4.24802E-03  -1.55065E+90
         686   6.86000E+01   1.55031E+01  -1.45312E-15  -2.67043E-14   0.00000E+00   4.23965E-03  -1.47685E+91
         687   6.87000E+01   1.55031E+01  -1.45341E-15  -2.67616E-14   0.00000E+00   4.23129E-03   3.73478E+92
         688   6.88000E+01   1.55031E+01  -1.45091E-15  -2.66939E-14   0.00000E+00   4.22297E-03   2.63796E+92
         689   6.89000E+01   1.55031E+01  -1.46311E-15  -2.66783E-14   0.00000E+00   4.21467E-03   1.36196E+94
         690   6.90000E+01   1.55031E+01  -1.47094E-15  -2.67078E-14   0.00000E+00   4.20639E-03   9.97985E+94
         691   6.91000E+01   1.55031E+01  -1.46844E-15  -2.67043E-14   0.00000E+00   4.19814E-03   1.47704E+97
         692   6.92000E+01   1.55031E+01  -1.46758E-15  -2.66818E-14   0.00000E+00   4.18991E-03  -1.09363E+99
         693   6.93000E+01   1.55031E+01  -1.47916E-15  -2.66783E-14   0.00000E+00   4.18171E-03  -7.13099E+99
         694   6.94000E+01   1.55031E+01  -1.47858E-15  -2.66540E-14   0.00000E+00   4.17353E-03   2.48159+100
         695   6.95000E+01   1.55031E+01  -1.48069E-15  -2.66974E-14   0.00000E+00   4.16538E-03   1.35302+101
         696   6.96000E+01   1.55031E+01  -1.48917E-15  -2.66939E-14   0.00000E+00   4.15724E-03   5.57681+101
         697   6.97000E+01   1.55031E+01  -1.48163E-15  -2.66991E-14   0.00000E+00   4.14914E-03   4.38817+100
         698   6.98000E+01   1.55031E+01  -1.46920E-15  -2.67286E-14   0.00000E+00   4.14105E-03  -4.57272+101
         699   6.99000E+01   1.55031E+01  -1.46869E-15  -2.67408E-14   0.00000E+00   4.13300E-03   1.22582+102
         700   7.00000E+01   1.55031E+01  -1.46800E-15  -2.67460E-14   0.00000E+00   4.12496E-03   3.00200+102
         701   7.01000E+01   1.55031E+01  -1.48010E-15  -2.67234E-14   0.00000E+00   4.11695E-03   2.31247+102
         702   7.02000E+01   1.55031E+01  -1.46577E-15  -2.67234E-14   0.00000E+00   4.10896E-03  -1.13464+100
         703   7.03000E+01   1.55031E+01  -1.48342E-15  -2.67199E-14   0.00000E+00   4.10099E-03  -8.50892+100
         704   7.04000E+01   1.55031E+01  -1.48796E-15  -2.66905E-14   0.00000E+00   4.09305E-03  -1.42810+101
         705   7.05000E+01   1.55031E+01  -1.48277E-15  -2.66974E-14   0.00000E+00   4.08513E-03  -1.41633+101
         706   7.06000E+01   1.55031E+01  -1.49090E-15  -2.67078E-14   0.00000E+00   4.07723E-03  -1.37144+101
         707   7.07000E+01   1.55031E+01  -1.48830E-15  -2.66991E-14   0.00000E+00   4.06936E-03  -1.42962+101
         708   7.08000E+01   1.55031E+01  -1.49524E-15  -2.67061E-14   0.00000E+00   4.06151E-03  -8.45253+100
         709   7.09000E+01   1.55031E+01  -1.49540E-15  -2.67356E-14   0.00000E+00   4.05368E-03  -5.96453+100
         710   7.10000E+01   1.55031E+01  -1.49867E-15  -2.67043E-14   0.00000E+00   4.04587E-03  -1.88223+100
         711   7.11000E+01   1.55031E+01  -1.49060E-15  -2.66939E-14   0.00000E+00   4.03809E-03  -2.95706+100
         712   7.12000E+01   1.55031E+01  -1.45940E-15  -2.66991E-14   0.00000E+00   4.03033E-03  -9.63757+100
         713   7.13000E+01   1.55031E+01  -1.48659E-15  -2.66887E-14   0.00000E+00   4.02259E-03  -6.39942+100
         714   7.14000E+01   1.55031E+01  -1.48495E-15  -2.66800E-14   0.00000E+00   4.01487E-03  -1.31440+101
         715   7.15000E+01   1.55031E+01  -1.47335E-15  -2.67061E-14   0.00000E+00   4.00718E-03  -9.62390+100
         716   7.16000E+01   1.55031E+01  -1.48644E-15  -2.67113E-14   0.00000E+00   3.99951E-03  -2.05602+101
         717   7.17000E+01   1.55031E+01  -1.48750E-15  -2.67043E-14   0.00000E+00   3.99186E-03   2.67323+101
         718   7.18000E+01   1.55031E+01  -1.48956E-15  -2.67217E-14   0.00000E+00   3.98423E-03  -1.85233+101
         719   7.19000E+01   1.55031E+01  -1.48940E-15  -2.67165E-14   0.00000E+00   3.97662E-03   1.33696+101
         720   7.20000E+01   1.55031E+01  -1.47316E-15  -2.66870E-14   0.00000E+00   3.96903E-03   6.47700+101
         721   7.21000E+01   1.55031E+01  -1.47370E-15  -2.66922E-14   0.00000E+00   3.96147E-03  -5.13457+101
         722   7.22000E+01   1.55031E+01  -1.48435E-15  -2.66939E-14   0.00000E+00   3.95392E-03   8.39904+101
         723   7.23000E+01   1.55031E+01  -1.48549E-15  -2.66766E-14   0.00000E+00   3.94640E-03   5.33689+101
         724   7.24000E+01   1.55031E+01  -1.49062E-15  -2.66696E-14   0.00000E+00   3.93890E-03  -1.60216+101
         725   7.25000E+01   1.55031E+01  -1.49094E-15  -2.66731E-14   0.00000E+00   3.93142E-03  -3.02278+102
         726   7.26000E+01   1.55031E+01  -1.49913E-15  -2.66939E-14   0.00000E+00   3.92396E-03  -4.31545+102
         727   7.27000E+01   1.55031E+01  -1.49159E-15  -2.66818E-14   0.00000E+00   3.91652E-03  -5.04489+102
         728   7.28000E+01   1.55031E+01  -1.50232E-15  -2.66714E-14   0.00000E+00   3.90910E-03  -6.09915+102
         729   7.29000E+01   1.55031E+01  -1.46107E-15  -2.66592E-14   0.00000E+00   3.90171E-03  -4.31435+102
         730   7.30000E+01   1.55031E+01  -1.47744E-15  -2.66471E-14   0.00000E+00   3.89433E-03  -3.65708+102
         731   7.31000E+01   1.55031E+01  -1.47850E-15  -2.66540E-14   0.00000E+00   3.88698E-03  -1.34341+103
         732   7.32000E+01   1.55031E+01  -1.49034E-15  -2.66800E-14   0.00000E+00   3.87964E-03  -2.23143+103
         733   7.33000E+01   1.55031E+01  -1.50438E-15  -2.66939E-14   0.00000E+00   3.87233E-03  -2.97729+103
         734   7.34000E+01   1.55031E+01  -1.49942E-15  -2.67824E-14   0.00000E+00   3.86503E-03  -2.80231+103
         735   7.35000E+01   1.55031E+01  -1.50135E-15  -2.67546E-14   0.00000E+00   3.85776E-03  -2.15313+103
         736   7.36000E+01   1.55031E+01  -1.50888E-15  -2.67737E-14   0.00000E+00   3.85051E-03  -3.95236+103
         737   7.37000E+01   1.55031E+01  -1.49951E-15  -2.67703E-14   0.00000E+00   3.84327E-03  -3.24063+103
         738   7.38000E+01   1.55031E+01  -1.50579E-15  -2.67807E-14   0.00000E+00   3.83606E-03  -3.89637+103
         739   7.39000E+01   1.55031E+01  -1.48140E-15  -2.68032E-14   0.00000E+00   3.82887E-03  -3.12864+103
         740   7.40000E+01   1.55031E+01  -1.49059E-15  -2.67980E-14   0.00000E+00   3.82170E-03  -2.21525+103
         741   7.41000E+01   1.55031E+01  -1.51403E-15  -2.67911E-14   0.00000E+00   3.81454E-03  -8.74900+101
         742   7.42000E+01   1.55031E+01  -1.51585E-15  -2.68223E-14   0.00000E+00   3.80741E-03  -2.14176+103
         743   7.43000E+01   1.55031E+01  -1.49143E-15  -2.68292E-14   0.00000E+00   3.80030E-03  -9.92137+103
         744   7.44000E+01   1.55031E+01  -1.51325E-15  -2.68154E-14   0.00000E+00   3.79321E-03  -2.79968+102
         745   7.45000E+01   1.55031E+01  -1.50121E-15  -2.67876E-14   0.00000E+00   3.78613E-03   1.55522+104
         746   7.46000E+01   1.55031E+01  -1.51758E-15  -2.68171E-14   0.00000E+00   3.77908E-03   2.64150+104
         747   7.47000E+01   1.55031E+01  -1.50298E-15  -2.68015E-14   0.00000E+00   3.77205E-03   9.18295+103
         748   7.48000E+01   1.55031E+01  -1.51601E-15  -2.68084E-14   0.00000E+00   3.76503E-03   5.66375+104
         749   7.49000E+01   1.55031E+01  -1.51206E-15  -2.67980E-14   0.00000E+00   3.75804E-03   5.50417+104
         750   7.50000E+01   1.55031E+01  -1.51084E-15  -2.68067E-14   0.00000E+00   3.75106E-03   1.77500+104
         751   7.51000E+01   1.55031E+01  -1.52889E-15  -2.67963E-14   0.00000E+00   3.74410E-03  -3.19164+103
         752   7.52000E+01   1.55031E+01  -1.53377E-15  -2.68240E-14   0.00000E+00   3.73717E-03   6.88162+104
         753   7.53000E+01   1.55031E+01  -1.52347E-15  -2.68102E-14   0.00000E+00   3.73025E-03   1.98441+105
         754   7.54000E+01   1.55031E+01  -1.51880E-15  -2.68154E-14   0.00000E+00   3.72335E-03   2.22967+105
         755   7.55000E+01   1.55031E+01  -1.51729E-15  -2.67859E-14   0.00000E+00   3.71647E-03  -7.03280+104
         756   7.56000E+01   1.55031E+01  -1.52463E-15  -2.67945E-14   0.00000E+00   3.70961E-03   9.42933+104
         757   7.57000E+01   1.55031E+01  -1.51672E-15  -2.67945E-14   0.00000E+00   3.70277E-03   9.78992+105
         758   7.58000E+01   1.55031E+01  -1.53507E-15  -2.68032E-14   0.00000E+00   3.69595E-03   6.98800+105
         759   7.59000E+01   1.55031E+01  -1.51935E-15  -2.68015E-14   0.00000E+00   3.68914E-03   8.42592+105
         760   7.60000E+01   1.55031E+01  -1.52623E-15  -2.67841E-14   0.00000E+00   3.68236E-03   8.71261+105
         761   7.61000E+01   1.55031E+01  -1.53545E-15  -2.67945E-14   0.00000E+00   3.67559E-03   1.19961+106
         762   7.62000E+01   1.55031E+01  -1.54981E-15  -2.68032E-14   0.00000E+00   3.66884E-03   2.20391+106
         763   7.63000E+01   1.55031E+01  -1.54417E-15  -2.68154E-14   0.00000E+00   3.66211E-03  -6.27129+105
         764   7.64000E+01   1.55031E+01  -1.54792E-15  -2.67963E-14   0.00000E+00   3.65540E-03  -5.15177+107
         765   7.65000E+01   1.55031E+01  -1.53317E-15  -2.67876E-14   0.00000E+00   3.64871E-03  -3.45315+107
         766   7.66000E+01   1.55031E+01  -1.55296E-15  -2.67876E-14   0.00000E+00   3.64203E-03  -1.12238+108
         767   7.67000E+01   1.55031E+01  -1.54412E-15  -2.67789E-14   0.00000E+00   3.63538E-03  -8.74052+108
         768   7.68000E+01   1.55031E+01  -1.55312E-15  -2.67807E-14   0.00000E+00   3.62874E-03  -1.73110+109
         769   7.69000E+01   1.55031E+01  -1.54336E-15  -2.67598E-14   0.00000E+00   3.62212E-03  -5.39431+108
         770   7.70000E+01   1.55031E+01  -1.54824E-15  -2.67807E-14   0.00000E+00   3.61552E-03  -8.61811+108
         771   7.71000E+01   1.55031E+01  -1.54201E-15  -2.67737E-14   0.00000E+00   3.60894E-03   5.87365+108
         772   7.72000E+01   1.55031E+01  -1.57806E-15  -2.67824E-14   0.00000E+00   3.60237E-03   1.06006+109
         773   7.73000E+01   1.55031E+01  -1.53377E-15  -2.67564E-14   0.00000E+00   3.59583E-03   1.15575+109
         774   7.74000E+01   1.55031E+01  -1.48921E-15  -2.67737E-14   0.00000E+00   3.58930E-03   1.03723+109
         775   7.75000E+01   1.55031E+01  -1.59963E-15  -2.67425E-14   0.00000E+00   3.58279E-03   9.55930+108
         776   7.76000E+01   1.55031E+01  -1.61839E-15  -2.67755E-14   0.00000E+00   3.57629E-03   9.54898+108
         777   7.77000E+01   1.55031E+01  -1.58039E-15  -2.67512E-14   0.00000E+00   3.56982E-03   1.07015+109
         778   7.78000E+01   1.55031E+01  -1.57703E-15  -2.67668E-14   0.00000E+00   3.56336E-03   1.04606+109
         779   7.79000E+01   1.55031E+01  -1.56759E-15  -2.67668E-14   0.00000E+00   3.55692E-03   9.39417+108
         780   7.80000E+01   1.55031E+01  -1.55735E-15  -2.67494E-14   0.00000E+00   3.55049E-03   1.25271+109
         781   7.81000E+01   1.55031E+01  -1.55415E-15  -2.67650E-14   0.00000E+00   3.54409E-03   1.34491+109
         782   7.82000E+01   1.55031E+01  -1.54721E-15  -2.68084E-14   0.00000E+00   3.53770E-03   1.32725+109
         783   7.83000E+01   1.55031E+01  -1.55003E-15  -2.68917E-14   0.00000E+00   3.53133E-03   1.42862+109
         784   7.84000E+01   1.55031E+01  -1.54119E-15  -2.67182E-14   0.00000E+00   3.52498E-03   1.37908+109
         785   7.85000E+01   1.55031E+01  -1.52715E-15  -2.67009E-14   0.00000E+00   3.51864E-03   1.53596+109
         786   7.86000E+01   1.55031E+01  -1.54249E-15  -2.67043E-14   0.00000E+00   3.51232E-03   1.59008+109
         787   7.87000E+01   1.55031E+01  -1.51387E-15  -2.67217E-14   0.00000E+00   3.50602E-03   1.75682+109
         788   7.88000E+01   1.55031E+01  -1.52217E-15  -2.67217E-14   0.00000E+00   3.49974E-03   1.85796+109
         789   7.89000E+01   1.55031E+01  -1.51062E-15  -2.67113E-14   0.00000E+00   3.49347E-03   1.49238+109
         790   7.90000E+01   1.55031E+01  -1.53382E-15  -2.67373E-14   0.00000E+00   3.48722E-03   1.37277+109
         791   7.91000E+01   1.55031E+01  -1.53138E-15  -2.67043E-14   0.00000E+00   3.48099E-03   1.05168+109
         792   7.92000E+01   1.55031E+01  -1.52813E-15  -2.67251E-14   0.00000E+00   3.47477E-03   1.45376+109
         793   7.93000E+01   1.55031E+01  -1.54569E-15  -2.67095E-14   0.00000E+00   3.46857E-03   1.06109+109
         794   7.94000E+01   1.55031E+01  -1.54656E-15  -2.66887E-14   0.00000E+00   3.46239E-03   2.07929+109
         795   7.95000E+01   1.55031E+01  -1.54016E-15  -2.66991E-14   0.00000E+00   3.45622E-03   5.85760+108
         796   7.96000E+01   1.55031E+01  -1.53572E-15  -2.67043E-14   0.00000E+00   3.45007E-03   2.35542+109
         797   7.97000E+01   1.55031E+01  -1.53913E-15  -2.67494E-14   0.00000E+00   3.44394E-03   2.04452+110
         798   7.98000E+01   1.55031E+01  -1.53144E-15  -2.67217E-14   0.00000E+00   3.43782E-03   2.33772+110
         799   7.99000E+01   1.55031E+01  -1.51669E-15  -2.67113E-14   0.00000E+00   3.43172E-03   2.67991+110
         800   8.00000E+01   1.55031E+01  -1.53751E-15  -2.67304E-14   0.00000E+00   3.42564E-03   2.97916+110
         801   8.01000E+01   1.55031E+01  -1.52759E-15  -2.67199E-14   0.00000E+00   3.41957E-03   2.86807+110
