    Timestep          Time      Timestep      VOFsolve      Velocity      Pressure
      number
           1   5.00011E-02   1.58211E+02   4.02440E+00   2.59078E+01   1.13869E+02
           2   5.00020E-02   7.70412E+00   2.29169E+00   8.28993E-01   4.19046E+00
           3   5.00029E-02   8.22735E+00   2.18593E+00   9.27304E-01   4.68554E+00
           4   5.00038E-02   7.65198E+00   2.18220E+00   9.43784E-01   4.19721E+00
           5   5.00047E-02   6.76567E+00   2.14132E+00   8.15924E-01   3.52592E+00
           6   5.00056E-02   7.18612E+00   2.14902E+00   8.48290E-01   3.84268E+00
           7   5.00065E-02   6.85007E+00   2.09794E+00   8.87562E-01   3.63053E+00
           8   5.00074E-02   6.51894E+00   2.20475E+00   8.94403E-01   3.12349E+00
           9   5.00083E-02   6.24187E+00   2.02751E+00   8.86547E-01   3.03261E+00
          10   5.00092E-02   6.48696E+00   2.07895E+00   8.35592E-01   3.33772E+00
          11   5.00101E-02   6.20057E+00   2.05600E+00   8.84025E-01   2.98007E+00
          12   5.00110E-02   6.59189E+00   2.03480E+00   9.87336E-01   3.20671E+00
          13   5.00119E-02   7.60330E+00   2.02529E+00   8.34935E-01   4.26789E+00
          14   5.00128E-02   5.50555E+00   2.02743E+00   8.47866E-01   2.25503E+00
          15   5.00137E-02   5.72190E+00   2.04564E+00   8.54857E-01   2.57482E+00
          16   5.00146E-02   6.16883E+00   2.01427E+00   8.63733E-01   2.95843E+00
          17   5.00155E-02   5.70378E+00   2.01691E+00   8.56851E-01   2.52549E+00
          18   5.00164E-02   5.94319E+00   2.01878E+00   8.02242E-01   2.86334E+00
          19   5.00173E-02   5.92763E+00   2.02175E+00   8.01171E-01   2.67557E+00
          20   5.00182E-02   5.28929E+00   2.01845E+00   8.15380E-01   2.09354E+00
          21   5.00191E-02   5.57555E+00   2.01275E+00   9.54231E-01   2.28978E+00
          22   5.00200E-02   5.87996E+00   2.01612E+00   8.50380E-01   2.68516E+00
          23   5.00209E-02   5.60057E+00   2.01410E+00   9.58586E-01   2.27772E+00
          24   5.00218E-02   6.73961E+00   2.03552E+00   9.99837E-01   3.28116E+00
          25   5.00227E-02   5.22599E+00   2.01003E+00   8.80994E-01   2.09166E+00
          26   5.00236E-02   5.75737E+00   2.00556E+00   8.13265E-01   2.71043E+00
          27   5.00245E-02   5.55182E+00   2.02556E+00   8.60468E-01   2.34959E+00
          28   5.00254E-02   5.57126E+00   2.00575E+00   8.68866E-01   2.32152E+00
          29   5.00263E-02   5.66652E+00   2.00266E+00   8.38400E-01   2.57472E+00
          30   5.00272E-02   5.30866E+00   2.02368E+00   8.34526E-01   2.15778E+00
          31   5.00281E-02   5.93756E+00   2.00958E+00   8.51301E-01   2.68401E+00
          32   5.00290E-02   6.08243E+00   2.04009E+00   8.07890E-01   2.99815E+00
          33   5.00299E-02   5.48168E+00   1.98926E+00   1.00557E+00   2.19165E+00
          34   5.00308E-02   5.79593E+00   2.08832E+00   8.28373E-01   2.53065E+00
          35   5.00317E-02   5.86429E+00   2.00664E+00   9.19487E-01   2.58288E+00
          36   5.00326E-02   5.91454E+00   1.98970E+00   8.29546E-01   2.79974E+00
          37   5.00335E-02   5.40631E+00   1.98618E+00   8.17122E-01   2.29358E+00
          38   5.00344E-02   6.14556E+00   1.98709E+00   9.13610E-01   2.90104E+00
          39   5.00353E-02   5.76499E+00   1.98590E+00   1.03533E+00   2.45689E+00
          40   5.00362E-02   5.62406E+00   1.97945E+00   8.74167E-01   2.48971E+00
          41   5.00371E-02   5.39925E+00   1.97722E+00   9.05499E-01   2.26370E+00
          42   5.00380E-02   6.06072E+00   1.97285E+00   9.91742E-01   2.77071E+00
          43   5.00389E-02   5.98324E+00   1.99301E+00   9.68019E-01   2.71675E+00
          44   5.00398E-02   5.95602E+00   1.98617E+00   8.52010E-01   2.83638E+00
          45   5.00407E-02   6.34068E+00   2.11263E+00   1.06062E+00   2.73620E+00
          46   5.00416E-02   5.39989E+00   1.97523E+00   8.36222E-01   2.31035E+00
          47   5.00425E-02   5.71978E+00   1.97109E+00   9.35141E-01   2.48189E+00
          48   5.00434E-02   6.23281E+00   1.97280E+00   8.84427E-01   3.00242E+00
          49   5.00443E-02   5.32822E+00   1.97231E+00   8.55466E-01   2.12989E+00
          50   5.00452E-02   6.11694E+00   1.97740E+00   9.63547E-01   2.82512E+00
          51   5.00461E-02   5.65429E+00   1.97144E+00   8.96894E-01   2.53504E+00
          52   5.00470E-02   5.33905E+00   1.96465E+00   8.57185E-01   2.19161E+00
          53   5.00479E-02   6.10573E+00   1.95982E+00   9.17397E-01   2.88470E+00
          54   5.00488E-02   5.56354E+00   1.96636E+00   9.52731E-01   2.31733E+00
          55   5.00497E-02   7.45053E+00   1.97510E+00   9.35667E-01   4.13791E+00
          56   5.00506E-02   5.58940E+00   1.96156E+00   8.63498E-01   2.30609E+00
          57   5.00515E-02   6.07423E+00   1.96210E+00   7.88914E-01   2.91323E+00
          58   5.00524E-02   5.92025E+00   1.95963E+00   8.28815E-01   2.77571E+00
          59   5.00533E-02   5.16942E+00   1.95500E+00   8.74914E-01   2.07843E+00
          60   5.00542E-02   5.72234E+00   1.96124E+00   8.91729E-01   2.52910E+00
          61   5.00551E-02   5.88923E+00   1.98322E+00   8.20752E-01   2.82707E+00
          62   5.00560E-02   5.56408E+00   1.96077E+00   9.41371E-01   2.36515E+00
          63   5.00569E-02   6.32026E+00   1.96790E+00   8.37734E-01   3.16750E+00
          64   5.00578E-02   6.07863E+00   1.94428E+00   8.45456E-01   2.96385E+00
          65   5.00587E-02   6.45827E+00   1.94676E+00   9.75622E-01   3.20542E+00
          66   5.00596E-02   5.88373E+00   1.94327E+00   8.38685E-01   2.77212E+00
          67   5.00605E-02   5.66685E+00   1.94478E+00   8.24491E-01   2.58548E+00
          68   5.00614E-02   5.40265E+00   1.93953E+00   8.99191E-01   2.32410E+00
          69   5.00623E-02   5.47973E+00   1.94517E+00   8.35348E-01   2.45138E+00
          70   5.00632E-02   5.32992E+00   1.93933E+00   9.45309E-01   2.08918E+00
          71   5.00641E-02   5.74906E+00   1.94683E+00   8.61398E-01   2.70523E+00
          72   5.00650E-02   5.81113E+00   1.93680E+00   8.82705E-01   2.62014E+00
          73   5.00659E-02   5.47094E+00   1.93354E+00   8.47466E-01   2.45939E+00
          74   5.00668E-02   6.10271E+00   1.94922E+00   8.12912E-01   3.04277E+00
          75   5.00677E-02   6.53370E+00   1.93709E+00   1.04238E+00   2.97245E+00
          76   5.00686E-02   5.99052E+00   2.01574E+00   9.25758E-01   2.79300E+00
          77   5.00695E-02   6.07043E+00   1.94316E+00   8.97613E-01   2.96676E+00
          78   5.00704E-02   6.21369E+00   1.93813E+00   8.99608E-01   3.00167E+00
          79   5.00713E-02   5.46261E+00   1.93238E+00   8.68478E-01   2.29339E+00
          80   5.00722E-02   5.31644E+00   1.92821E+00   8.10236E-01   2.32777E+00
          81   5.00731E-02   5.46258E+00   1.93610E+00   7.93510E-01   2.46181E+00
          82   5.00740E-02   5.67251E+00   1.95026E+00   9.79630E-01   2.44412E+00
          83   5.00749E-02   5.90325E+00   1.92611E+00   8.59602E-01   2.85681E+00
          84   5.00758E-02   5.91884E+00   1.93424E+00   8.68845E-01   2.74830E+00
          85   5.00767E-02   5.95426E+00   1.92249E+00   8.32160E-01   2.89002E+00
          86   5.00776E-02   6.66539E+00   2.08506E+00   9.19459E-01   3.30635E+00
          87   5.00785E-02   5.20739E+00   1.95347E+00   8.51840E-01   2.10165E+00
          88   5.00794E-02   5.76329E+00   1.91421E+00   7.98147E-01   2.78694E+00
          89   5.00803E-02   6.22930E+00   1.91772E+00   9.26322E-01   3.14027E+00
          90   5.00812E-02   5.70711E+00   1.94706E+00   9.19945E-01   2.57746E+00
          91   5.00821E-02   5.31089E+00   1.94296E+00   8.36283E-01   2.14369E+00
          92   5.00830E-02   5.56396E+00   1.91432E+00   8.95609E-01   2.45200E+00
          93   5.00839E-02   5.22630E+00   1.90944E+00   9.38514E-01   2.11417E+00
          94   5.00848E-02   6.11735E+00   1.98309E+00   9.23698E-01   2.94264E+00
          95   5.00857E-02   5.90087E+00   1.90941E+00   8.63483E-01   2.87877E+00
          96   5.00866E-02   7.56873E+00   1.90540E+00   9.28447E-01   4.28977E+00
          97   5.00875E-02   5.38681E+00   1.91672E+00   9.15545E-01   2.26276E+00
          98   5.00884E-02   5.67334E+00   1.96018E+00   8.19783E-01   2.56844E+00
          99   5.00893E-02   5.96099E+00   1.90056E+00   8.03224E-01   2.96191E+00
         100   5.00902E-02   5.96388E+00   1.89789E+00   8.68823E-01   2.89553E+00
         101   5.00911E-02   5.27677E+00   1.89482E+00   8.59741E-01   2.17182E+00
         102   5.00920E-02   5.08632E+00   1.92220E+00   8.15062E-01   2.06292E+00
         103   5.00929E-02   5.64392E+00   1.91912E+00   8.27124E-01   2.58856E+00
         104   5.00938E-02   6.22454E+00   1.89232E+00   9.68189E-01   3.07906E+00
         105   5.00947E-02   5.71071E+00   1.89874E+00   9.11930E-01   2.57101E+00
         106   5.00956E-02   5.09346E+00   1.89287E+00   7.98030E-01   2.09798E+00
         107   5.00965E-02   5.97684E+00   1.94435E+00   8.21410E-01   2.96004E+00
         108   5.00974E-02   6.15722E+00   1.92827E+00   8.84587E-01   3.02649E+00
         109   5.00983E-02   5.34867E+00   1.88961E+00   8.59383E-01   2.24473E+00
         110   5.00992E-02   5.28191E+00   1.89405E+00   9.26539E-01   2.11806E+00
         111   5.01001E-02   5.14814E+00   1.89365E+00   8.60240E-01   2.11458E+00
         112   5.01010E-02   5.76936E+00   1.88966E+00   8.75806E-01   2.72638E+00
         113   5.01019E-02   6.12221E+00   1.89371E+00   8.23975E-01   2.97757E+00
         114   5.01028E-02   5.21786E+00   1.89005E+00   8.17949E-01   2.21316E+00
         115   5.01037E-02   5.98442E+00   1.89708E+00   8.38785E-01   2.94134E+00
         116   5.01046E-02   5.03990E+00   1.89005E+00   8.10613E-01   2.06834E+00
         117   5.01055E-02   7.01594E+00   1.89337E+00   1.13953E+00   3.65823E+00
         118   5.01064E-02   6.27440E+00   1.89223E+00   8.83689E-01   3.25314E+00
         119   5.01073E-02   5.31138E+00   1.90117E+00   8.27483E-01   2.34832E+00
         120   5.01082E-02   5.30870E+00   1.89251E+00   8.98285E-01   2.18182E+00
         121   5.01091E-02   5.69133E+00   1.89006E+00   9.02541E-01   2.63455E+00
         122   5.01100E-02   5.26714E+00   1.89032E+00   8.74310E-01   2.19946E+00
         123   5.01109E-02   5.27025E+00   1.89954E+00   8.59726E-01   2.23895E+00
         124   5.01118E-02   5.56663E+00   1.92203E+00   8.33857E-01   2.50846E+00
         125   5.01127E-02   5.52766E+00   1.92203E+00   8.37269E-01   2.44391E+00
         126   5.01136E-02   6.29747E+00   1.95240E+00   1.00646E+00   2.99948E+00
         127   5.01145E-02   5.97743E+00   1.88411E+00   9.51172E-01   2.79709E+00
         128   5.01154E-02   6.03071E+00   1.95096E+00   9.43658E-01   2.85378E+00
         129   5.01163E-02   5.42768E+00   1.88475E+00   9.55544E-01   2.29185E+00
         130   5.01172E-02   5.11044E+00   1.88316E+00   9.00497E-01   2.08100E+00
         131   5.01181E-02   6.15688E+00   1.90701E+00   8.96907E-01   3.09525E+00
         132   5.01190E-02   6.13863E+00   1.88712E+00   8.95411E-01   3.00339E+00
         133   5.01199E-02   5.33299E+00   1.88932E+00   9.63065E-01   2.23472E+00
         134   5.01208E-02   5.43798E+00   1.89659E+00   9.34916E-01   2.25349E+00
         135   5.01217E-02   5.11643E+00   1.88884E+00   8.15940E-01   2.13001E+00
         136   5.01226E-02   5.76021E+00   1.88984E+00   1.00493E+00   2.63354E+00
         137   5.01235E-02   5.68291E+00   1.89272E+00   1.23197E+00   2.28908E+00
         138   5.01244E-02   7.83320E+00   1.88700E+00   1.06440E+00   4.50180E+00
         139   5.01253E-02   5.56384E+00   1.88944E+00   8.77196E-01   2.42321E+00
         140   5.01262E-02   5.39901E+00   1.88203E+00   8.59681E-01   2.17289E+00
         141   5.01271E-02   5.87985E+00   1.88387E+00   8.31717E-01   2.82515E+00
         142   5.01280E-02   5.18280E+00   1.89452E+00   8.28809E-01   2.18273E+00
         143   5.01289E-02   5.66842E+00   1.90073E+00   9.25421E-01   2.51072E+00
         144   5.01298E-02   5.36837E+00   1.89851E+00   7.92822E-01   2.42155E+00
         145   5.01307E-02   5.65919E+00   1.88681E+00   9.20332E-01   2.51216E+00
         146   5.01316E-02   5.30397E+00   1.89004E+00   8.02121E-01   2.37416E+00
         147   5.01325E-02   6.04101E+00   1.90014E+00   1.01653E+00   2.83415E+00
         148   5.01334E-02   5.60996E+00   1.89366E+00   1.01823E+00   2.36569E+00
         149   5.01343E-02   5.62785E+00   1.89070E+00   8.25277E-01   2.61446E+00
         150   5.01352E-02   5.75465E+00   1.91748E+00   8.65927E-01   2.65590E+00
         151   5.01361E-02   5.54219E+00   1.89475E+00   9.00616E-01   2.39560E+00
         152   5.01370E-02   5.30530E+00   1.89305E+00   8.57925E-01   2.31076E+00
         153   5.01379E-02   5.36804E+00   1.92648E+00   8.19003E-01   2.29975E+00
         154   5.01388E-02   5.28089E+00   1.89281E+00   9.75847E-01   2.12416E+00
         155   5.01397E-02   5.57150E+00   1.94666E+00   8.90366E-01   2.40557E+00
         156   5.01406E-02   5.53560E+00   1.89380E+00   8.62511E-01   2.38454E+00
         157   5.01415E-02   6.34850E+00   1.92387E+00   8.78688E-01   3.15314E+00
         158   5.01424E-02   7.10494E+00   1.90707E+00   8.88478E-01   3.88561E+00
         159   5.01433E-02   5.35005E+00   1.89893E+00   9.92124E-01   2.18412E+00
         160   5.01442E-02   5.68123E+00   1.90045E+00   9.11893E-01   2.48325E+00
         161   5.01451E-02   5.22365E+00   1.89752E+00   9.52118E-01   2.14637E+00
         162   5.01460E-02   5.73152E+00   1.90403E+00   9.51680E-01   2.58198E+00
         163   5.01469E-02   5.74188E+00   1.89709E+00   8.56609E-01   2.75649E+00
         164   5.01478E-02   5.28787E+00   1.89865E+00   9.07753E-01   2.24267E+00
         165   5.01487E-02   5.25343E+00   1.89513E+00   7.90967E-01   2.25990E+00
         166   5.01496E-02   5.45438E+00   1.89858E+00   8.38157E-01   2.37774E+00
         167   5.01505E-02   5.28566E+00   1.89552E+00   8.14458E-01   2.22387E+00
         168   5.01514E-02   6.37104E+00   1.90583E+00   9.14724E-01   3.12390E+00
         169   5.01523E-02   6.01572E+00   1.93378E+00   9.48072E-01   2.78688E+00
         170   5.01532E-02   5.38223E+00   1.90082E+00   9.83988E-01   2.25362E+00
         171   5.01541E-02   5.82407E+00   1.90445E+00   8.21454E-01   2.72598E+00
         172   5.01550E-02   5.50050E+00   1.90053E+00   9.42169E-01   2.37456E+00
         173   5.01559E-02   5.53661E+00   1.90012E+00   8.58278E-01   2.46157E+00
         174   5.01568E-02   5.53797E+00   1.90001E+00   9.75382E-01   2.42188E+00
         175   5.01577E-02   5.47555E+00   1.90110E+00   8.76675E-01   2.36666E+00
         176   5.01586E-02   5.81096E+00   1.90778E+00   9.77199E-01   2.58907E+00
         177   5.01595E-02   5.49283E+00   1.90470E+00   9.45696E-01   2.34710E+00
         178   5.01604E-02   5.88006E+00   1.98508E+00   8.32170E-01   2.74916E+00
         179   5.01613E-02   7.19114E+00   1.91480E+00   8.54764E-01   4.11062E+00
         180   5.01622E-02   6.13489E+00   1.90200E+00   9.18521E-01   2.94315E+00
         181   5.01631E-02   5.35872E+00   1.90894E+00   8.17954E-01   2.37350E+00
         182   5.01640E-02   5.79750E+00   1.91511E+00   8.58367E-01   2.73451E+00
         183   5.01649E-02   5.54861E+00   1.93884E+00   8.68945E-01   2.46243E+00
         184   5.01658E-02   5.27640E+00   1.92226E+00   8.28009E-01   2.21003E+00
         185   5.01667E-02   5.96965E+00   1.92213E+00   8.16724E-01   2.76985E+00
         186   5.01676E-02   5.06136E+00   1.90771E+00   8.72875E-01   1.95441E+00
         187   5.01685E-02   5.81010E+00   1.92189E+00   8.56330E-01   2.71077E+00
         188   5.01694E-02   5.86358E+00   1.90723E+00   8.82682E-01   2.76450E+00
         189   5.01703E-02   5.47784E+00   1.91406E+00   1.03439E+00   2.25518E+00
         190   5.01712E-02   6.30597E+00   1.91933E+00   8.47996E-01   3.20971E+00
         191   5.01721E-02   5.87690E+00   1.90484E+00   9.15302E-01   2.71809E+00
         192   5.01730E-02   5.68282E+00   1.91673E+00   9.45573E-01   2.50640E+00
         193   5.01739E-02   6.23345E+00   1.97449E+00   9.16653E-01   3.03175E+00
         194   5.01748E-02   5.63923E+00   1.91231E+00   8.04396E-01   2.59651E+00
         195   5.01757E-02   5.49771E+00   1.91015E+00   8.50478E-01   2.39722E+00
         196   5.01766E-02   5.35550E+00   1.91621E+00   8.43399E-01   2.28518E+00
         197   5.01775E-02   5.43880E+00   1.93332E+00   1.03957E+00   2.22708E+00
         198   5.01784E-02   5.99975E+00   1.90496E+00   8.59176E-01   2.94486E+00
         199   5.01793E-02   5.93685E+00   1.98382E+00   8.18753E-01   2.76491E+00
         200   5.01802E-02   5.03223E+00   1.91800E+00   8.07223E-01   2.02347E+00
         201   5.01811E-02   6.56498E+00   1.91372E+00   1.14316E+00   3.10639E+00
         202   5.01820E-02   5.17265E+00   1.91745E+00   8.46382E-01   2.17555E+00
         203   5.01829E-02   5.42929E+00   1.91457E+00   9.15296E-01   2.27954E+00
         204   5.01838E-02   5.33840E+00   1.91218E+00   8.98029E-01   2.23961E+00
         205   5.01847E-02   5.16553E+00   1.91640E+00   8.22283E-01   2.18344E+00
         206   5.01856E-02   5.35217E+00   1.91970E+00   8.48438E-01   2.25364E+00
         207   5.01865E-02   4.91685E+00   1.91584E+00   8.52272E-01   1.82938E+00
         208   5.01874E-02   5.57363E+00   1.95259E+00   7.85870E-01   2.48608E+00
         209   5.01883E-02   5.13789E+00   1.91364E+00   8.66923E-01   2.11705E+00
         210   5.01892E-02   5.65188E+00   2.04709E+00   9.51807E-01   2.39764E+00
         211   5.01901E-02   6.13367E+00   1.92482E+00   8.12474E-01   3.10893E+00
         212   5.01910E-02   5.38714E+00   1.92301E+00   1.02811E+00   2.19412E+00
         213   5.01919E-02   5.55481E+00   1.91608E+00   8.90813E-01   2.48615E+00
         214   5.01928E-02   5.11027E+00   1.92254E+00   8.06707E-01   2.13675E+00
         215   5.01937E-02   5.47356E+00   1.92167E+00   8.91622E-01   2.35497E+00
         216   5.01946E-02   5.18127E+00   1.92487E+00   8.09893E-01   2.20664E+00
         217   5.01955E-02   5.09277E+00   1.92278E+00   8.26141E-01   1.98977E+00
         218   5.01964E-02   5.18197E+00   1.92018E+00   8.27523E-01   2.15416E+00
         219   5.01973E-02   5.02683E+00   1.93562E+00   8.07384E-01   2.02988E+00
         220   5.01982E-02   5.44152E+00   1.92455E+00   8.48135E-01   2.37789E+00
         221   5.01991E-02   6.01842E+00   2.02524E+00   7.90217E-01   2.79896E+00
         222   5.02000E-02   7.32224E+00   1.92438E+00   9.17613E-01   3.99557E+00
         223   5.02009E-02   5.58927E+00   1.92325E+00   9.17519E-01   2.40761E+00
         224   5.02018E-02   6.00177E+00   1.95639E+00   9.74793E-01   2.56143E+00
         225   5.02027E-02   5.41669E+00   1.91711E+00   8.29668E-01   2.39989E+00
         226   5.02036E-02   5.33241E+00   1.93701E+00   8.77851E-01   2.23676E+00
         227   5.02045E-02   5.86077E+00   1.94294E+00   9.16752E-01   2.64013E+00
         228   5.02054E-02   5.38905E+00   1.92301E+00   8.97151E-01   2.16081E+00
         229   5.02063E-02   5.58843E+00   1.96375E+00   1.03055E+00   2.21692E+00
         230   5.02072E-02   5.54949E+00   1.92442E+00   8.49701E-01   2.49450E+00
         231   5.02081E-02   7.89483E+00   1.91822E+00   1.17806E+00   4.36509E+00
         232   5.02090E-02   1.13184E+01   1.99527E+00   1.08208E+00   7.61569E+00
         233   5.02099E-02   9.02085E+00   1.92737E+00   3.54849E+00   2.98939E+00
         234   5.02108E-02   5.51133E+00   1.92348E+00   9.43491E-01   2.30463E+00
         235   5.02117E-02   5.81133E+00   1.93958E+00   8.98433E-01   2.64951E+00
         236   5.02126E-02   5.82462E+00   1.92562E+00   8.22829E-01   2.77636E+00
         237   5.02135E-02   5.66709E+00   1.92297E+00   8.79028E-01   2.62920E+00
         238   5.02144E-02   5.14260E+00   1.92036E+00   8.73528E-01   2.10146E+00
         239   5.02153E-02   5.69086E+00   1.91759E+00   9.66146E-01   2.54264E+00
         240   5.02162E-02   6.13336E+00   2.08484E+00   1.03743E+00   2.72230E+00
         241   5.02171E-02   6.46786E+00   1.95276E+00   1.17417E+00   2.95007E+00
         242   5.02180E-02   5.26743E+00   2.04114E+00   8.47972E-01   2.12385E+00
         243   5.02189E-02   6.05285E+00   1.98778E+00   8.03707E-01   2.97993E+00
         244   5.02198E-02   5.21692E+00   1.92199E+00   7.93120E-01   2.21294E+00
         245   5.02207E-02   5.23705E+00   1.91989E+00   8.00649E-01   2.21684E+00
         246   5.02216E-02   5.14142E+00   1.92033E+00   8.11211E-01   2.10750E+00
         247   5.02225E-02   5.26024E+00   1.92479E+00   8.50427E-01   2.17362E+00
         248   5.02234E-02   5.65041E+00   1.92006E+00   9.07943E-01   2.52230E+00
         249   5.02243E-02   6.06477E+00   2.00749E+00   8.94412E-01   2.91102E+00
         250   5.02252E-02   5.31331E+00   1.92237E+00   8.45778E-01   2.26535E+00
         251   5.02261E-02   5.97493E+00   1.92569E+00   9.53789E-01   2.78887E+00
         252   5.02270E-02   5.50471E+00   1.93288E+00   8.50511E-01   2.42133E+00
         253   5.02279E-02   6.06395E+00   1.92274E+00   9.80976E-01   2.92723E+00
         254   5.02288E-02   5.71896E+00   1.92027E+00   9.34235E-01   2.52004E+00
         255   5.02297E-02   5.18111E+00   1.94259E+00   8.45347E-01   2.11763E+00
         256   5.02306E-02   5.81983E+00   1.93623E+00   9.67299E-01   2.55752E+00
         257   5.02315E-02   5.26494E+00   1.92349E+00   8.26878E-01   2.24049E+00
         258   5.02324E-02   5.72993E+00   1.92220E+00   9.26557E-01   2.64526E+00
         259   5.02333E-02   5.73053E+00   1.91930E+00   9.88947E-01   2.47741E+00
         260   5.02342E-02   5.20216E+00   1.93193E+00   8.26599E-01   2.14209E+00
         261   5.02351E-02   6.40028E+00   1.92448E+00   1.02065E+00   3.18589E+00
         262   5.02360E-02   5.27590E+00   1.92285E+00   8.12446E-01   2.16353E+00
         263   5.02369E-02   7.28664E+00   2.00258E+00   1.07491E+00   3.75503E+00
         264   5.02378E-02   6.21315E+00   1.92044E+00   8.35083E-01   3.17774E+00
         265   5.02387E-02   5.14817E+00   1.92568E+00   8.99405E-01   2.07325E+00
         266   5.02396E-02   5.29971E+00   1.95028E+00   8.87828E-01   2.18900E+00
         267   5.02405E-02   4.93267E+00   1.92326E+00   8.23992E-01   1.91349E+00
         268   5.02414E-02   5.65999E+00   1.91872E+00   9.00796E-01   2.54510E+00
         269   5.02423E-02   5.76307E+00   1.92736E+00   8.66645E-01   2.67072E+00
         270   5.02432E-02   5.42835E+00   1.93208E+00   8.52723E-01   2.32912E+00
         271   5.02441E-02   5.27848E+00   1.92791E+00   9.16836E-01   2.09246E+00
         272   5.02450E-02   5.85856E+00   1.92774E+00   9.32929E-01   2.62278E+00
         273   5.02459E-02   6.39223E+00   1.93023E+00   8.88681E-01   3.15478E+00
         274   5.02468E-02   5.88375E+00   1.92767E+00   1.00844E+00   2.65295E+00
         275   5.02477E-02   5.48023E+00   1.92769E+00   8.06124E-01   2.48514E+00
         276   5.02486E-02   5.62327E+00   1.93403E+00   8.52348E-01   2.59839E+00
         277   5.02495E-02   5.53942E+00   1.95596E+00   9.59157E-01   2.38758E+00
         278   5.02504E-02   5.31146E+00   1.93211E+00   8.82318E-01   2.20350E+00
         279   5.02513E-02   6.05585E+00   1.94371E+00   8.17983E-01   2.99575E+00
         280   5.02522E-02   5.25441E+00   1.93676E+00   1.02199E+00   1.98761E+00
         281   5.02531E-02   7.84179E+00   1.93657E+00   1.16196E+00   4.24117E+00
         282   5.02540E-02   5.81623E+00   1.93266E+00   9.14089E-01   2.53931E+00
         283   5.02549E-02   5.36581E+00   1.93462E+00   8.65334E-01   2.20465E+00
         284   5.02558E-02   5.53708E+00   1.95715E+00   9.03414E-01   2.41582E+00
         285   5.02567E-02   5.19950E+00   1.93726E+00   8.56346E-01   2.11898E+00
         286   5.02576E-02   5.69400E+00   1.93751E+00   9.55668E-01   2.48356E+00
         287   5.02585E-02   5.76348E+00   1.94606E+00   8.20900E-01   2.63782E+00
         288   5.02594E-02   5.48303E+00   1.94359E+00   9.02735E-01   2.37565E+00
         289   5.02603E-02   5.59790E+00   1.95060E+00   8.05463E-01   2.60167E+00
         290   5.02612E-02   5.93153E+00   2.06448E+00   8.75239E-01   2.69968E+00
         291   5.02621E-02   6.16612E+00   1.94840E+00   8.40610E-01   3.04369E+00
         292   5.02630E-02   6.10640E+00   2.10762E+00   8.80010E-01   2.72833E+00
         293   5.02639E-02   5.15376E+00   1.95626E+00   9.68467E-01   1.99696E+00
         294   5.02648E-02   5.42377E+00   1.96105E+00   9.47561E-01   2.23692E+00
         295   5.02657E-02   5.46698E+00   1.95254E+00   8.37589E-01   2.33749E+00
         296   5.02666E-02   5.47317E+00   1.94978E+00   8.16776E-01   2.40744E+00
         297   5.02675E-02   5.81421E+00   1.95672E+00   8.69194E-01   2.65085E+00
         298   5.02684E-02   5.31064E+00   1.95621E+00   8.16259E-01   2.10444E+00
         299   5.02693E-02   5.67604E+00   1.95815E+00   9.63173E-01   2.44502E+00
         300   5.02702E-02   5.54918E+00   1.97043E+00   1.02765E+00   2.26724E+00
         301   5.02711E-02   5.22637E+00   1.96657E+00   1.07088E+00   1.89686E+00
         302   5.02720E-02   6.10776E+00   1.95749E+00   1.27305E+00   2.49173E+00
         303   5.02729E-02   5.46529E+00   1.96438E+00   8.74486E-01   2.18424E+00
         304   5.02738E-02   5.70334E+00   2.09028E+00   8.10664E-01   2.49487E+00
         305   5.02747E-02   5.29681E+00   1.96474E+00   8.37261E-01   2.15776E+00
         306   5.02756E-02   5.46427E+00   1.96768E+00   8.57626E-01   2.28940E+00
         307   5.02765E-02   5.85153E+00   1.96240E+00   8.03457E-01   2.82239E+00
         308   5.02774E-02   6.09472E+00   1.99038E+00   8.85008E-01   2.77435E+00
         309   5.02783E-02   5.40957E+00   1.96705E+00   9.02854E-01   2.18654E+00
         310   5.02792E-02   5.74646E+00   1.97096E+00   9.26889E-01   2.52686E+00
         311   5.02801E-02   5.67936E+00   1.97083E+00   1.07710E+00   2.19151E+00
         312   5.02810E-02   5.79734E+00   1.97055E+00   8.89666E-01   2.58248E+00
         313   5.02819E-02   6.52402E+00   1.96580E+00   9.60945E-01   3.23439E+00
         314   5.02828E-02   6.11154E+00   1.96531E+00   8.60549E-01   2.98514E+00
         315   5.02837E-02   5.69666E+00   1.97524E+00   8.30109E-01   2.65399E+00
         316   5.02846E-02   5.50675E+00   1.97751E+00   8.65611E-01   2.34292E+00
         317   5.02855E-02   5.37594E+00   1.97169E+00   8.53726E-01   2.20904E+00
         318   5.02864E-02   5.60453E+00   1.97993E+00   7.92518E-01   2.52542E+00
         319   5.02873E-02   5.18208E+00   1.96908E+00   9.01663E-01   1.95277E+00
         320   5.02882E-02   5.81433E+00   1.97086E+00   9.41200E-01   2.58284E+00
         321   5.02891E-02   5.88545E+00   1.98563E+00   7.92734E-01   2.82572E+00
         322   5.02900E-02   5.27992E+00   1.98385E+00   1.06873E+00   1.96708E+00
         323   5.02909E-02   7.04441E+00   1.97712E+00   1.10230E+00   3.62887E+00
         324   5.02918E-02   5.61783E+00   1.97952E+00   9.07804E-01   2.47814E+00
         325   5.02927E-02   5.59227E+00   1.97331E+00   9.78350E-01   2.28698E+00
         326   5.02936E-02   5.03203E+00   1.98909E+00   8.34499E-01   1.90360E+00
         327   5.02945E-02   5.63947E+00   1.98067E+00   8.99934E-01   2.48614E+00
         328   5.02954E-02   5.63234E+00   1.97776E+00   9.41743E-01   2.46025E+00
         329   5.02963E-02   5.86095E+00   1.97807E+00   8.82550E-01   2.57847E+00
         330   5.02972E-02   5.19363E+00   1.97559E+00   8.66948E-01   1.99557E+00
         331   5.02981E-02   5.44970E+00   1.98311E+00   8.94015E-01   2.26500E+00
         332   5.02990E-02   5.91427E+00   1.98931E+00   1.04152E+00   2.47393E+00
         333   5.02999E-02   5.52879E+00   2.00377E+00   8.53384E-01   2.32051E+00
         334   5.03008E-02   6.87201E+00   1.99080E+00   1.16188E+00   3.31338E+00
         335   5.03017E-02   5.37084E+00   1.98585E+00   9.07899E-01   2.20697E+00
         336   5.03026E-02   5.39898E+00   1.98347E+00   8.31822E-01   2.35244E+00
         337   5.03035E-02   5.47591E+00   2.01254E+00   9.02989E-01   2.21096E+00
         338   5.03044E-02   5.42714E+00   1.98703E+00   8.40847E-01   2.17833E+00
         339   5.03053E-02   5.42445E+00   2.04270E+00   8.23256E-01   2.31612E+00
         340   5.03062E-02   5.99168E+00   1.99105E+00   9.43699E-01   2.71022E+00
         341   5.03071E-02   5.45309E+00   1.99155E+00   8.89073E-01   2.33737E+00
         342   5.03080E-02   6.03221E+00   2.00169E+00   8.23789E-01   2.87509E+00
         343   5.03089E-02   5.54024E+00   1.98958E+00   1.05024E+00   2.12351E+00
         344   5.03098E-02   6.13415E+00   2.07731E+00   9.12184E-01   2.68636E+00
         345   5.03107E-02   5.33512E+00   2.00551E+00   8.34228E-01   2.23762E+00
         346   5.03116E-02   5.16029E+00   1.99307E+00   8.60705E-01   2.04915E+00
         347   5.03125E-02   5.45881E+00   1.99570E+00   8.28933E-01   2.39772E+00
         348   5.03134E-02   5.33417E+00   2.01281E+00   8.53642E-01   2.21460E+00
         349   5.03143E-02   5.21447E+00   1.99427E+00   8.15741E-01   2.09966E+00
         350   5.03152E-02   5.64659E+00   2.04210E+00   8.84654E-01   2.30295E+00
         351   5.03161E-02   5.51617E+00   1.99843E+00   8.26958E-01   2.30056E+00
         352   5.03170E-02   5.50104E+00   1.99844E+00   8.59850E-01   2.31354E+00
         353   5.03179E-02   5.30595E+00   2.00806E+00   8.53087E-01   2.14682E+00
         354   5.03188E-02   5.97571E+00   1.98901E+00   1.10362E+00   2.56619E+00
         355   5.03197E-02   5.61239E+00   2.00049E+00   9.06877E-01   2.45770E+00
         356   5.03206E-02   5.79737E+00   2.00169E+00   9.76268E-01   2.56139E+00
         357   5.03215E-02   5.50957E+00   1.99882E+00   8.42443E-01   2.44166E+00
         358   5.03224E-02   5.10127E+00   1.99872E+00   8.90789E-01   1.97707E+00
         359   5.03233E-02   5.53988E+00   2.00725E+00   8.75857E-01   2.32986E+00
         360   5.03242E-02   5.18584E+00   2.00132E+00   9.22093E-01   1.97517E+00
         361   5.03251E-02   5.60781E+00   2.00006E+00   8.28875E-01   2.46313E+00
         362   5.03260E-02   5.35661E+00   2.00280E+00   7.96535E-01   2.28305E+00
         363   5.03269E-02   5.34747E+00   2.00614E+00   8.52241E-01   2.14402E+00
         364   5.03278E-02   6.27179E+00   2.10939E+00   8.33348E-01   2.95186E+00
         365   5.03287E-02   6.00935E+00   2.00694E+00   9.27641E-01   2.80123E+00
         366   5.03296E-02   6.21706E+00   2.00737E+00   9.40943E-01   2.57388E+00
         367   5.03305E-02   5.91849E+00   2.05313E+00   8.49959E-01   2.74356E+00
         368   5.03314E-02   5.32249E+00   2.00923E+00   8.40567E-01   2.20764E+00
         369   5.03323E-02   5.62478E+00   2.00635E+00   8.73059E-01   2.35012E+00
         370   5.03332E-02   6.08163E+00   2.00949E+00   8.50584E-01   2.83268E+00
         371   5.03341E-02   5.54867E+00   2.01017E+00   8.57120E-01   2.36194E+00
         372   5.03350E-02   5.61145E+00   2.03654E+00   8.72209E-01   2.37318E+00
         373   5.03359E-02   5.37433E+00   2.01153E+00   8.57365E-01   2.22418E+00
         374   5.03368E-02   5.95223E+00   2.01104E+00   9.19873E-01   2.74906E+00
         375   5.03377E-02   6.34800E+00   2.01021E+00   1.06142E+00   2.83349E+00
         376   5.03386E-02   5.61165E+00   2.01761E+00   9.98732E-01   2.35408E+00
         377   5.03395E-02   6.26218E+00   2.02669E+00   9.61203E-01   2.92141E+00
         378   5.03404E-02   5.86465E+00   2.01854E+00   1.01420E+00   2.49136E+00
         379   5.03413E-02   5.13987E+00   2.02112E+00   8.48928E-01   2.02563E+00
         380   5.03422E-02   5.80664E+00   2.02437E+00   8.97112E-01   2.59154E+00
         381   5.03431E-02   5.21049E+00   2.02217E+00   9.25628E-01   1.99856E+00
         382   5.03440E-02   5.74903E+00   2.02174E+00   8.32204E-01   2.62721E+00
         383   5.03449E-02   5.39840E+00   2.02220E+00   8.46501E-01   2.26745E+00
         384   5.03458E-02   5.42264E+00   2.01961E+00   8.19081E-01   2.26472E+00
         385   5.03467E-02   6.63445E+00   2.03885E+00   9.36983E-01   3.18298E+00
         386   5.03476E-02   5.99847E+00   2.06487E+00   1.19628E+00   2.37375E+00
         387   5.03485E-02   6.00904E+00   2.02263E+00   1.09143E+00   2.63100E+00
         388   5.03494E-02   5.22481E+00   2.03953E+00   7.92460E-01   2.14930E+00
         389   5.03503E-02   5.46756E+00   2.02790E+00   8.56317E-01   2.29530E+00
         390   5.03512E-02   5.74095E+00   2.03222E+00   8.98776E-01   2.57284E+00
         391   5.03521E-02   5.43593E+00   2.03337E+00   8.86887E-01   2.27399E+00
         392   5.03530E-02   5.78025E+00   2.03004E+00   7.83528E-01   2.71015E+00
         393   5.03539E-02   5.24194E+00   2.03858E+00   8.70370E-01   2.08387E+00
         394   5.03548E-02   5.51652E+00   2.03361E+00   9.36581E-01   2.15090E+00
         395   5.03557E-02   6.05134E+00   2.03578E+00   8.43167E-01   2.87428E+00
         396   5.03566E-02   6.05847E+00   2.05039E+00   1.08751E+00   2.59764E+00
         397   5.03575E-02   5.65258E+00   2.04179E+00   1.02862E+00   2.27820E+00
         398   5.03584E-02   6.12302E+00   2.04405E+00   9.19192E-01   2.84264E+00
         399   5.03593E-02   5.36774E+00   2.04927E+00   8.24030E-01   2.26488E+00
         400   5.03602E-02   5.49713E+00   2.04248E+00   8.12208E-01   2.32250E+00
         401   5.03611E-02   5.65588E+00   2.07177E+00   9.52472E-01   2.23726E+00
         402   5.03620E-02   5.40697E+00   2.04970E+00   9.00344E-01   2.17183E+00
         403   5.03629E-02   6.12655E+00   2.04985E+00   9.34259E-01   2.83285E+00
         404   5.03638E-02   5.78621E+00   2.05170E+00   8.69325E-01   2.63255E+00
         405   5.03647E-02   5.62842E+00   2.04998E+00   9.10922E-01   2.39034E+00
         406   5.03656E-02   6.08866E+00   2.17798E+00   1.07707E+00   2.55554E+00
         407   5.03665E-02   5.20602E+00   2.21645E+00   8.21024E-01   1.88784E+00
         408   5.03674E-02   7.21153E+00   2.21841E+00   1.04296E+00   3.50259E+00
         409   5.03683E-02   5.79483E+00   2.07456E+00   8.70653E-01   2.46080E+00
         410   5.03692E-02   5.64395E+00   2.06038E+00   8.06022E-01   2.54978E+00
         411   5.03701E-02   5.75973E+00   2.06939E+00   7.94226E-01   2.66519E+00
         412   5.03710E-02   5.37326E+00   2.06441E+00   8.65505E-01   2.11110E+00
         413   5.03719E-02   6.00535E+00   2.05931E+00   9.20445E-01   2.74625E+00
         414   5.03728E-02   5.77764E+00   2.13328E+00   9.29068E-01   2.35927E+00
         415   5.03737E-02   5.79246E+00   2.07073E+00   8.00115E-01   2.66069E+00
         416   5.03746E-02   5.99300E+00   2.06652E+00   1.05492E+00   2.58954E+00
         417   5.03755E-02   5.73740E+00   2.07180E+00   9.64048E-01   2.35242E+00
         418   5.03764E-02   6.50102E+00   2.06808E+00   9.15038E-01   3.14804E+00
         419   5.03773E-02   6.15578E+00   2.07989E+00   1.07741E+00   2.59299E+00
         420   5.03782E-02   5.79873E+00   2.06967E+00   9.06251E-01   2.52864E+00
         421   5.03791E-02   5.76711E+00   2.06743E+00   8.17590E-01   2.59923E+00
         422   5.03800E-02   5.85811E+00   2.07590E+00   7.96004E-01   2.66170E+00
         423   5.03809E-02   5.44466E+00   2.07048E+00   8.50242E-01   2.19530E+00
         424   5.03818E-02   5.50647E+00   2.07073E+00   7.90712E-01   2.31676E+00
         425   5.03827E-02   5.18480E+00   2.07260E+00   8.77561E-01   1.96012E+00
         426   5.03836E-02   6.14766E+00   2.07783E+00   1.00608E+00   2.80434E+00
         427   5.03845E-02   6.52002E+00   2.09796E+00   8.54733E-01   3.01131E+00
         428   5.03854E-02   8.39023E+00   2.08510E+00   9.78972E-01   5.04330E+00
         429   5.03863E-02   6.12154E+00   2.09724E+00   8.06442E-01   2.71330E+00
         430   5.03872E-02   5.85149E+00   2.09092E+00   9.25709E-01   2.54117E+00
         431   5.03881E-02   6.41333E+00   2.09581E+00   8.57877E-01   3.12438E+00
         432   5.03890E-02   5.50488E+00   2.09832E+00   8.12129E-01   2.33330E+00
         433   5.03899E-02   5.43707E+00   2.10627E+00   9.38815E-01   2.09460E+00
         434   5.03908E-02   5.60822E+00   2.10033E+00   8.97176E-01   2.25751E+00
