    Timestep          Time      Timestep      VOFsolve      Velocity      Pressure
      number
           1   5.00013E-02   1.58079E+02   1.72182E+01   3.27125E+01   9.34924E+01
           2   5.00022E-02   6.71094E+00   1.55864E+00   1.16452E+00   3.79427E+00
           3   5.00031E-02   7.11446E+00   1.49045E+00   1.11548E+00   4.21180E+00
           4   5.00040E-02   6.22127E+00   1.53301E+00   1.09876E+00   3.42064E+00
           5   5.00049E-02   7.24470E+00   1.48892E+00   1.29909E+00   4.30329E+00
           6   5.00058E-02   5.52583E+00   1.50181E+00   1.20967E+00   2.66985E+00
           7   5.00067E-02   6.34432E+00   1.49504E+00   1.09920E+00   3.55350E+00
           8   5.00076E-02   5.32270E+00   1.49688E+00   1.07407E+00   2.56456E+00
           9   5.00085E-02   5.83734E+00   1.48616E+00   1.09419E+00   3.05467E+00
          10   5.00094E-02   5.21294E+00   1.48828E+00   1.09851E+00   2.45891E+00
          11   5.00103E-02   5.83271E+00   1.48824E+00   1.09609E+00   3.05859E+00
          12   5.00112E-02   5.39293E+00   1.48569E+00   1.09108E+00   2.66083E+00
          13   5.00121E-02   6.02052E+00   1.49437E+00   1.19422E+00   3.10447E+00
          14   5.00130E-02   5.74749E+00   1.52899E+00   1.16929E+00   2.78018E+00
          15   5.00139E-02   6.39878E+00   1.48895E+00   1.17174E+00   3.39319E+00
          16   5.00148E-02   4.94915E+00   1.49258E+00   1.10646E+00   2.20608E+00
          17   5.00157E-02   5.05242E+00   1.48166E+00   1.05248E+00   2.31639E+00
          18   5.00166E-02   4.80564E+00   1.48831E+00   1.11896E+00   2.00269E+00
          19   5.00175E-02   4.82993E+00   1.48678E+00   1.07088E+00   2.12344E+00
          20   5.00184E-02   4.73905E+00   1.53340E+00   1.11033E+00   1.93019E+00
          21   5.00193E-02   5.08175E+00   1.48208E+00   1.06822E+00   2.26541E+00
          22   5.00202E-02   5.02404E+00   1.47827E+00   1.03740E+00   2.30254E+00
          23   5.00211E-02   4.73751E+00   1.47961E+00   1.11925E+00   1.91789E+00
          24   5.00220E-02   4.84019E+00   1.47592E+00   1.10322E+00   1.93098E+00
          25   5.00229E-02   6.58250E+00   1.49787E+00   1.40466E+00   3.49206E+00
          26   5.00238E-02   5.52076E+00   1.47649E+00   1.05843E+00   2.72729E+00
          27   5.00247E-02   4.99686E+00   1.48265E+00   1.05756E+00   2.22935E+00
          28   5.00256E-02   5.45662E+00   1.48626E+00   1.29165E+00   2.50576E+00
          29   5.00265E-02   4.76378E+00   1.48162E+00   1.13870E+00   1.95216E+00
          30   5.00274E-02   5.13073E+00   1.48420E+00   1.13843E+00   2.32810E+00
          31   5.00283E-02   4.72854E+00   1.48729E+00   1.04231E+00   2.04468E+00
          32   5.00292E-02   5.26413E+00   1.47850E+00   1.31984E+00   2.29736E+00
          33   5.00301E-02   4.84044E+00   1.47855E+00   1.10098E+00   2.11159E+00
          34   5.00310E-02   4.89576E+00   1.47649E+00   1.16111E+00   2.11340E+00
          35   5.00319E-02   4.94533E+00   1.47302E+00   1.14503E+00   2.17611E+00
          36   5.00328E-02   5.20069E+00   1.47298E+00   1.10770E+00   2.46070E+00
          37   5.00337E-02   5.47589E+00   1.47048E+00   1.25217E+00   2.45159E+00
          38   5.00346E-02   5.43871E+00   1.47371E+00   1.10476E+00   2.63404E+00
          39   5.00355E-02   5.53350E+00   1.47355E+00   1.21089E+00   2.62086E+00
          40   5.00364E-02   4.68944E+00   1.47207E+00   1.02600E+00   2.04798E+00
          41   5.00373E-02   5.11078E+00   1.46672E+00   1.12551E+00   2.36100E+00
          42   5.00382E-02   4.72865E+00   1.45996E+00   1.03041E+00   2.07893E+00
          43   5.00391E-02   4.53892E+00   1.46591E+00   1.10296E+00   1.77991E+00
          44   5.00400E-02   4.89626E+00   1.46430E+00   1.07102E+00   2.18375E+00
          45   5.00409E-02   4.64735E+00   1.53323E+00   1.13583E+00   1.82135E+00
          46   5.00418E-02   5.15026E+00   1.46068E+00   1.17840E+00   2.29160E+00
          47   5.00427E-02   4.79148E+00   1.46464E+00   1.05959E+00   2.05976E+00
          48   5.00436E-02   5.69374E+00   1.46387E+00   1.13479E+00   2.57641E+00
          49   5.00445E-02   5.48785E+00   1.58067E+00   1.22181E+00   2.43133E+00
          50   5.00454E-02   5.24912E+00   1.46242E+00   1.10574E+00   2.39530E+00
          51   5.00463E-02   5.63784E+00   1.46532E+00   1.33668E+00   2.53793E+00
          52   5.00472E-02   4.29060E+00   1.46688E+00   1.11519E+00   1.55523E+00
          53   5.00481E-02   4.88297E+00   1.45984E+00   1.07976E+00   2.16701E+00
          54   5.00490E-02   4.65421E+00   1.45982E+00   1.12295E+00   1.84029E+00
          55   5.00499E-02   5.15660E+00   1.46335E+00   1.17274E+00   2.26407E+00
          56   5.00508E-02   4.93024E+00   1.51416E+00   1.04189E+00   2.18574E+00
          57   5.00517E-02   5.27269E+00   1.51675E+00   1.19204E+00   2.28095E+00
          58   5.00526E-02   5.18972E+00   1.44912E+00   1.09017E+00   2.31959E+00
          59   5.00535E-02   5.45015E+00   1.44814E+00   1.15641E+00   2.60772E+00
          60   5.00544E-02   6.53589E+00   1.45424E+00   1.51231E+00   3.23985E+00
          61   5.00553E-02   5.23427E+00   1.45487E+00   1.15159E+00   2.37966E+00
          62   5.00562E-02   5.54437E+00   1.45185E+00   1.07614E+00   2.80909E+00
          63   5.00571E-02   4.82681E+00   1.45560E+00   1.14243E+00   2.05986E+00
          64   5.00580E-02   4.89012E+00   1.45422E+00   1.12605E+00   2.00855E+00
          65   5.00589E-02   5.02271E+00   1.44946E+00   1.14520E+00   2.22202E+00
          66   5.00598E-02   4.73675E+00   1.45439E+00   1.08818E+00   2.04684E+00
          67   5.00607E-02   4.89768E+00   1.44660E+00   1.05758E+00   2.11474E+00
          68   5.00616E-02   4.88536E+00   1.44751E+00   1.04893E+00   2.19607E+00
          69   5.00625E-02   5.07182E+00   1.45513E+00   1.08383E+00   2.26419E+00
          70   5.00634E-02   4.61564E+00   1.44375E+00   1.02540E+00   1.96245E+00
          71   5.00643E-02   5.13047E+00   1.43768E+00   1.08727E+00   2.40232E+00
          72   5.00652E-02   6.06350E+00   1.43952E+00   1.09721E+00   3.21770E+00
          73   5.00661E-02   5.23343E+00   1.44314E+00   1.20154E+00   2.31930E+00
          74   5.00670E-02   4.93251E+00   1.43798E+00   1.24851E+00   2.08497E+00
          75   5.00679E-02   4.73332E+00   1.43310E+00   1.14091E+00   2.01208E+00
          76   5.00688E-02   4.78838E+00   1.43431E+00   1.05866E+00   2.07756E+00
          77   5.00697E-02   4.85707E+00   1.43317E+00   1.16631E+00   2.07270E+00
          78   5.00706E-02   4.64349E+00   1.44733E+00   1.05944E+00   1.97134E+00
          79   5.00715E-02   4.74905E+00   1.43166E+00   1.02566E+00   2.08887E+00
          80   5.00724E-02   4.96944E+00   1.43350E+00   1.06513E+00   2.26979E+00
          81   5.00733E-02   4.82074E+00   1.42730E+00   1.09571E+00   2.12107E+00
          82   5.00742E-02   4.75768E+00   1.43386E+00   1.03939E+00   2.08654E+00
          83   5.00751E-02   5.84379E+00   1.42718E+00   1.13429E+00   2.83808E+00
          84   5.00760E-02   5.72958E+00   1.43305E+00   1.43704E+00   2.42704E+00
          85   5.00769E-02   5.27531E+00   1.43038E+00   1.11015E+00   2.34711E+00
          86   5.00778E-02   5.61167E+00   1.42916E+00   1.18238E+00   2.77644E+00
          87   5.00787E-02   4.64996E+00   1.42694E+00   1.02672E+00   1.97586E+00
          88   5.00796E-02   4.92602E+00   1.42136E+00   1.17500E+00   2.07869E+00
          89   5.00805E-02   4.51973E+00   1.42444E+00   1.09895E+00   1.83898E+00
          90   5.00814E-02   5.14503E+00   1.42301E+00   1.08877E+00   2.48087E+00
          91   5.00823E-02   4.77062E+00   1.42144E+00   1.03981E+00   2.13855E+00
          92   5.00832E-02   5.85358E+00   1.41751E+00   1.15569E+00   3.11728E+00
          93   5.00841E-02   4.66698E+00   1.42277E+00   1.07511E+00   1.90666E+00
          94   5.00850E-02   5.45030E+00   1.41578E+00   1.17798E+00   2.64682E+00
          95   5.00859E-02   6.91051E+00   1.48691E+00   1.22476E+00   4.03333E+00
          96   5.00868E-02   5.37937E+00   1.42535E+00   1.10443E+00   2.68363E+00
          97   5.00877E-02   5.78179E+00   1.41809E+00   1.12559E+00   3.07396E+00
          98   5.00886E-02   4.92838E+00   1.41898E+00   1.15216E+00   2.20081E+00
          99   5.00895E-02   5.36025E+00   1.41938E+00   1.03675E+00   2.69189E+00
         100   5.00904E-02   4.75720E+00   1.41521E+00   1.07587E+00   2.03676E+00
         101   5.00913E-02   4.84973E+00   1.41379E+00   1.20006E+00   2.08697E+00
         102   5.00922E-02   4.95704E+00   1.41291E+00   1.14130E+00   2.20721E+00
         103   5.00931E-02   4.77684E+00   1.40996E+00   1.17455E+00   2.03502E+00
         104   5.00940E-02   5.12000E+00   1.42606E+00   1.12697E+00   2.40344E+00
         105   5.00949E-02   4.66920E+00   1.41277E+00   1.02093E+00   2.07854E+00
         106   5.00958E-02   6.13554E+00   1.40925E+00   1.23696E+00   3.32593E+00
         107   5.00967E-02   5.49542E+00   1.41354E+00   1.17406E+00   2.71485E+00
         108   5.00976E-02   5.44415E+00   1.44798E+00   1.33042E+00   2.19184E+00
         109   5.00985E-02   5.94451E+00   1.40833E+00   1.23496E+00   3.13930E+00
         110   5.00994E-02   4.58575E+00   1.40664E+00   1.13141E+00   1.90198E+00
         111   5.01003E-02   5.28242E+00   1.41463E+00   1.22117E+00   2.38790E+00
         112   5.01012E-02   4.47301E+00   1.40472E+00   1.03563E+00   1.82741E+00
         113   5.01021E-02   5.62053E+00   1.40258E+00   1.13729E+00   2.90066E+00
         114   5.01030E-02   4.74176E+00   1.40381E+00   1.02349E+00   2.12173E+00
         115   5.01039E-02   5.15631E+00   1.40539E+00   1.21095E+00   2.32760E+00
         116   5.01048E-02   4.98424E+00   1.40031E+00   1.02826E+00   2.40930E+00
         117   5.01057E-02   5.17938E+00   1.41662E+00   1.14123E+00   2.45464E+00
         118   5.01066E-02   7.03037E+00   1.39279E+00   1.17171E+00   4.30929E+00
         119   5.01075E-02   5.00975E+00   1.39966E+00   1.12221E+00   2.25300E+00
         120   5.01084E-02   5.39393E+00   1.41649E+00   1.35341E+00   2.40089E+00
         121   5.01093E-02   4.93731E+00   1.39854E+00   1.11292E+00   2.26992E+00
         122   5.01102E-02   4.95796E+00   1.40080E+00   1.10879E+00   2.23590E+00
         123   5.01111E-02   5.06662E+00   1.39190E+00   1.07603E+00   2.44251E+00
         124   5.01120E-02   4.72212E+00   1.40323E+00   1.19742E+00   1.96003E+00
         125   5.01129E-02   5.15324E+00   1.39337E+00   1.21656E+00   2.32130E+00
         126   5.01138E-02   4.86638E+00   1.39257E+00   1.07746E+00   2.13358E+00
         127   5.01147E-02   5.25638E+00   1.39424E+00   1.14043E+00   2.49778E+00
         128   5.01156E-02   4.62963E+00   1.38573E+00   1.02067E+00   2.05767E+00
         129   5.01165E-02   5.56908E+00   1.38663E+00   1.25521E+00   2.73655E+00
         130   5.01174E-02   5.45622E+00   1.40375E+00   1.19195E+00   2.62805E+00
         131   5.01183E-02   5.98681E+00   1.38564E+00   1.03145E+00   3.34924E+00
         132   5.01192E-02   5.50319E+00   1.38492E+00   1.19944E+00   2.64703E+00
         133   5.01201E-02   4.88205E+00   1.39380E+00   1.12861E+00   2.16322E+00
         134   5.01210E-02   5.17106E+00   1.38650E+00   1.12898E+00   2.45169E+00
         135   5.01219E-02   5.09400E+00   1.38314E+00   1.03222E+00   2.47574E+00
         136   5.01228E-02   5.21470E+00   1.38332E+00   1.10611E+00   2.49734E+00
         137   5.01237E-02   5.08577E+00   1.37578E+00   1.14377E+00   2.34887E+00
         138   5.01246E-02   5.22945E+00   1.38091E+00   1.22845E+00   2.41851E+00
         139   5.01255E-02   5.12945E+00   1.37928E+00   1.09939E+00   2.46766E+00
         140   5.01264E-02   5.10029E+00   1.37789E+00   1.14292E+00   2.43346E+00
         141   5.01273E-02   6.13859E+00   1.37739E+00   1.02705E+00   3.37717E+00
         142   5.01282E-02   5.22211E+00   1.37777E+00   1.22907E+00   2.32124E+00
         143   5.01291E-02   5.44774E+00   1.37409E+00   1.32853E+00   2.56976E+00
         144   5.01300E-02   5.16043E+00   1.37743E+00   1.12079E+00   2.39587E+00
         145   5.01309E-02   5.13868E+00   1.37766E+00   1.03492E+00   2.50375E+00
         146   5.01318E-02   4.78743E+00   1.37151E+00   1.12554E+00   2.14591E+00
         147   5.01327E-02   4.53915E+00   1.37096E+00   1.08239E+00   1.90725E+00
         148   5.01336E-02   4.73939E+00   1.37256E+00   1.21398E+00   1.97046E+00
         149   5.01345E-02   5.02172E+00   1.36698E+00   1.19643E+00   2.25254E+00
         150   5.01354E-02   4.93836E+00   1.36798E+00   1.07472E+00   2.26861E+00
         151   5.01363E-02   4.89660E+00   1.36352E+00   1.14266E+00   2.19265E+00
         152   5.01372E-02   4.89391E+00   1.36535E+00   1.31398E+00   2.03833E+00
         153   5.01381E-02   5.43043E+00   1.36770E+00   1.25067E+00   2.47281E+00
         154   5.01390E-02   6.47266E+00   1.36640E+00   1.17140E+00   3.64622E+00
         155   5.01399E-02   5.21850E+00   1.36576E+00   1.23991E+00   2.45336E+00
         156   5.01408E-02   4.67981E+00   1.37881E+00   1.16542E+00   1.97387E+00
         157   5.01417E-02   4.71496E+00   1.36548E+00   1.09485E+00   2.08193E+00
         158   5.01426E-02   4.68021E+00   1.36351E+00   1.12482E+00   1.97141E+00
         159   5.01435E-02   4.91204E+00   1.36498E+00   1.04602E+00   2.34570E+00
         160   5.01444E-02   4.95422E+00   1.36928E+00   1.05376E+00   2.38535E+00
         161   5.01453E-02   5.52642E+00   1.36481E+00   1.06700E+00   2.88023E+00
         162   5.01462E-02   4.58798E+00   1.36511E+00   1.12575E+00   1.92551E+00
         163   5.01471E-02   5.19901E+00   1.36471E+00   1.12472E+00   2.44267E+00
         164   5.01480E-02   7.61684E+00   1.36103E+00   1.35612E+00   4.52969E+00
         165   5.01489E-02   5.44922E+00   1.35912E+00   1.10913E+00   2.75734E+00
         166   5.01498E-02   5.57378E+00   1.35866E+00   1.14295E+00   2.89143E+00
         167   5.01507E-02   4.78258E+00   1.35930E+00   1.16494E+00   2.07762E+00
         168   5.01516E-02   5.27501E+00   1.35446E+00   1.02829E+00   2.74197E+00
         169   5.01525E-02   4.66629E+00   1.35693E+00   1.10077E+00   2.01065E+00
         170   5.01534E-02   5.09189E+00   1.35340E+00   1.07450E+00   2.47997E+00
         171   5.01543E-02   4.89438E+00   1.35530E+00   1.08712E+00   2.20508E+00
         172   5.01552E-02   4.82882E+00   1.35441E+00   1.14179E+00   2.18092E+00
         173   5.01561E-02   4.95815E+00   1.35278E+00   1.18777E+00   2.24813E+00
         174   5.01570E-02   4.95045E+00   1.35791E+00   1.12983E+00   2.31271E+00
         175   5.01579E-02   5.87877E+00   1.34388E+00   1.22066E+00   3.09659E+00
         176   5.01588E-02   6.10626E+00   1.43542E+00   1.40010E+00   2.70383E+00
         177   5.01597E-02   5.71463E+00   1.35163E+00   1.18129E+00   2.81786E+00
         178   5.01606E-02   5.10680E+00   1.34810E+00   1.10690E+00   2.42793E+00
         179   5.01615E-02   4.82405E+00   1.34756E+00   1.14119E+00   2.19055E+00
         180   5.01624E-02   4.71381E+00   1.34889E+00   1.07249E+00   2.14512E+00
         181   5.01633E-02   4.47899E+00   1.34343E+00   1.07179E+00   1.90732E+00
         182   5.01642E-02   4.68957E+00   1.34367E+00   1.06153E+00   2.07471E+00
         183   5.01651E-02   4.91342E+00   1.34437E+00   1.07282E+00   2.18872E+00
         184   5.01660E-02   5.33697E+00   1.34111E+00   1.04131E+00   2.68458E+00
         185   5.01669E-02   4.67025E+00   1.34452E+00   1.07596E+00   2.02326E+00
         186   5.01678E-02   5.65789E+00   1.34935E+00   1.07791E+00   3.03605E+00
         187   5.01687E-02   6.18408E+00   1.34117E+00   1.41285E+00   3.23138E+00
         188   5.01696E-02   5.53262E+00   1.34520E+00   1.18676E+00   2.85306E+00
         189   5.01705E-02   4.89099E+00   1.34709E+00   1.11453E+00   2.01295E+00
         190   5.01714E-02   5.28820E+00   1.35715E+00   1.13706E+00   2.55119E+00
         191   5.01723E-02   5.04568E+00   1.33823E+00   1.18659E+00   2.24645E+00
         192   5.01732E-02   5.13374E+00   1.33815E+00   1.20872E+00   2.37515E+00
         193   5.01741E-02   5.28432E+00   1.33522E+00   1.12424E+00   2.67016E+00
         194   5.01750E-02   4.71307E+00   1.33704E+00   1.12762E+00   2.10383E+00
         195   5.01759E-02   5.14188E+00   1.33778E+00   1.12299E+00   2.50660E+00
         196   5.01768E-02   4.92782E+00   1.33684E+00   1.14380E+00   2.26574E+00
         197   5.01777E-02   4.93727E+00   1.34930E+00   1.08408E+00   2.20130E+00
         198   5.01786E-02   5.37135E+00   1.33794E+00   1.15545E+00   2.69415E+00
         199   5.01795E-02   5.35535E+00   1.33978E+00   1.27603E+00   2.35383E+00
         200   5.01804E-02   6.06336E+00   1.33826E+00   1.08292E+00   3.40333E+00
         201   5.01813E-02   5.91127E+00   1.32772E+00   1.14878E+00   3.21573E+00
         202   5.01822E-02   5.10394E+00   1.32565E+00   1.21190E+00   2.38271E+00
         203   5.01831E-02   4.74051E+00   1.33153E+00   1.09574E+00   2.08729E+00
         204   5.01840E-02   4.72331E+00   1.32427E+00   1.06655E+00   2.13242E+00
         205   5.01849E-02   4.50737E+00   1.32182E+00   1.05265E+00   1.93330E+00
         206   5.01858E-02   5.32644E+00   1.32359E+00   1.16133E+00   2.67843E+00
         207   5.01867E-02   4.95689E+00   1.31974E+00   1.09592E+00   2.38090E+00
         208   5.01876E-02   4.82666E+00   1.32049E+00   1.18249E+00   2.08062E+00
         209   5.01885E-02   4.48976E+00   1.32007E+00   1.05911E+00   1.96563E+00
         210   5.01894E-02   6.32291E+00   1.32031E+00   1.11230E+00   3.72205E+00
         211   5.01903E-02   5.24459E+00   1.31733E+00   1.13768E+00   2.63768E+00
         212   5.01912E-02   4.72230E+00   1.33343E+00   1.05188E+00   2.16226E+00
         213   5.01921E-02   5.84246E+00   1.31670E+00   1.18043E+00   3.06204E+00
         214   5.01930E-02   4.64902E+00   1.31955E+00   1.05644E+00   2.04062E+00
         215   5.01939E-02   5.30253E+00   1.31819E+00   1.21899E+00   2.52638E+00
         216   5.01948E-02   4.49560E+00   1.32034E+00   1.05287E+00   1.95747E+00
         217   5.01957E-02   4.99391E+00   1.34370E+00   1.17670E+00   2.25989E+00
         218   5.01966E-02   4.51761E+00   1.31708E+00   1.02245E+00   1.93951E+00
         219   5.01975E-02   5.58232E+00   1.31542E+00   1.10010E+00   2.93043E+00
         220   5.01984E-02   5.03368E+00   1.31365E+00   1.09516E+00   2.42978E+00
         221   5.01993E-02   4.77775E+00   1.31226E+00   1.15529E+00   2.15763E+00
         222   5.02002E-02   6.40600E+00   1.37400E+00   1.20561E+00   3.64931E+00
         223   5.02011E-02   6.44981E+00   1.30923E+00   1.13555E+00   3.74566E+00
         224   5.02020E-02   5.16034E+00   1.30769E+00   1.04451E+00   2.66206E+00
         225   5.02029E-02   5.21156E+00   1.30525E+00   1.15498E+00   2.59305E+00
         226   5.02038E-02   4.67941E+00   1.31696E+00   1.08322E+00   2.03388E+00
         227   5.02047E-02   4.58656E+00   1.30693E+00   1.16971E+00   1.96205E+00
         228   5.02056E-02   4.93049E+00   1.30288E+00   1.12450E+00   2.28694E+00
         229   5.02065E-02   4.83708E+00   1.30660E+00   1.14848E+00   2.23277E+00
         230   5.02074E-02   4.83883E+00   1.30230E+00   1.14166E+00   2.24787E+00
         231   5.02083E-02   4.97718E+00   1.30499E+00   1.16162E+00   2.30705E+00
         232   5.02092E-02   4.86573E+00   1.30591E+00   1.11549E+00   2.15786E+00
         233   5.02101E-02   4.89941E+00   1.30229E+00   1.07582E+00   2.31384E+00
         234   5.02110E-02   5.86729E+00   1.29829E+00   1.36814E+00   2.62646E+00
         235   5.02119E-02   4.96134E+00   1.30120E+00   1.12846E+00   2.36962E+00
         236   5.02128E-02   5.40731E+00   1.29667E+00   1.09644E+00   2.86854E+00
         237   5.02137E-02   5.23191E+00   1.29809E+00   1.06351E+00   2.68635E+00
         238   5.02146E-02   5.06284E+00   1.29788E+00   1.06504E+00   2.47610E+00
         239   5.02155E-02   4.65752E+00   1.29750E+00   1.12881E+00   2.08645E+00
         240   5.02164E-02   4.97474E+00   1.29365E+00   1.13191E+00   2.39879E+00
         241   5.02173E-02   4.73817E+00   1.29911E+00   1.19462E+00   2.06408E+00
         242   5.02182E-02   4.68990E+00   1.28941E+00   1.03160E+00   2.15804E+00
         243   5.02191E-02   5.14802E+00   1.28986E+00   1.14559E+00   2.56333E+00
         244   5.02200E-02   4.58038E+00   1.29263E+00   1.15192E+00   1.95468E+00
         245   5.02209E-02   6.25707E+00   1.28840E+00   1.10410E+00   3.29652E+00
         246   5.02218E-02   5.13856E+00   1.28768E+00   1.14765E+00   2.44854E+00
         247   5.02227E-02   5.20898E+00   1.29157E+00   1.22084E+00   2.42002E+00
         248   5.02236E-02   5.25737E+00   1.28822E+00   1.07542E+00   2.56493E+00
         249   5.02245E-02   4.61707E+00   1.28812E+00   1.09556E+00   1.95664E+00
         250   5.02254E-02   4.71999E+00   1.28899E+00   1.09520E+00   2.15842E+00
         251   5.02263E-02   4.69899E+00   1.28273E+00   1.09928E+00   2.14093E+00
         252   5.02272E-02   5.13862E+00   1.28371E+00   1.10451E+00   2.55242E+00
         253   5.02281E-02   4.42611E+00   1.29779E+00   1.05487E+00   1.92043E+00
         254   5.02290E-02   5.09633E+00   1.28883E+00   1.08007E+00   2.52995E+00
         255   5.02299E-02   5.29718E+00   1.28456E+00   1.02681E+00   2.77320E+00
         256   5.02308E-02   4.87164E+00   1.28854E+00   1.04153E+00   2.27027E+00
         257   5.02317E-02   6.10020E+00   1.28101E+00   1.07347E+00   3.58239E+00
         258   5.02326E-02   4.87687E+00   1.28630E+00   1.03669E+00   2.38027E+00
         259   5.02335E-02   5.24976E+00   1.28196E+00   1.15649E+00   2.58628E+00
         260   5.02344E-02   4.89714E+00   1.29657E+00   1.14878E+00   2.24438E+00
         261   5.02353E-02   4.41952E+00   1.29726E+00   1.03343E+00   1.91870E+00
         262   5.02362E-02   4.62975E+00   1.28083E+00   1.10471E+00   2.04244E+00
         263   5.02371E-02   4.79460E+00   1.28077E+00   1.09479E+00   2.26481E+00
         264   5.02380E-02   4.57765E+00   1.30028E+00   1.10025E+00   1.96995E+00
         265   5.02389E-02   4.82182E+00   1.28372E+00   1.13699E+00   2.17814E+00
         266   5.02398E-02   4.54539E+00   1.28054E+00   1.04854E+00   2.03079E+00
         267   5.02407E-02   4.84022E+00   1.28420E+00   1.10194E+00   2.30787E+00
         268   5.02416E-02   4.53516E+00   1.27514E+00   1.04200E+00   2.00949E+00
         269   5.02425E-02   5.75826E+00   1.30543E+00   1.31625E+00   2.85426E+00
         270   5.02434E-02   6.83270E+00   1.27928E+00   1.41540E+00   3.77840E+00
         271   5.02443E-02   4.32131E+00   1.30565E+00   1.02684E+00   1.76707E+00
         272   5.02452E-02   5.75491E+00   1.27293E+00   1.21739E+00   3.05629E+00
         273   5.02461E-02   4.70791E+00   1.27872E+00   1.08486E+00   2.18465E+00
         274   5.02470E-02   4.82513E+00   1.27647E+00   1.21155E+00   2.18144E+00
         275   5.02479E-02   4.73826E+00   1.27909E+00   1.06719E+00   2.14926E+00
         276   5.02488E-02   5.17364E+00   1.27732E+00   1.07103E+00   2.57701E+00
         277   5.02497E-02   4.85429E+00   1.28079E+00   1.10047E+00   2.24962E+00
         278   5.02506E-02   4.90735E+00   1.28769E+00   1.12115E+00   2.35244E+00
         279   5.02515E-02   5.80285E+00   1.29024E+00   1.14905E+00   3.11076E+00
         280   5.02524E-02   4.79487E+00   1.27931E+00   1.12936E+00   2.20940E+00
         281   5.02533E-02   5.70470E+00   1.27709E+00   1.30893E+00   2.78882E+00
         282   5.02542E-02   4.77677E+00   1.27513E+00   1.14394E+00   2.18708E+00
         283   5.02551E-02   5.76363E+00   1.27476E+00   1.13760E+00   3.12370E+00
         284   5.02560E-02   5.27091E+00   1.27585E+00   1.07312E+00   2.67200E+00
         285   5.02569E-02   6.37632E+00   1.27914E+00   1.06644E+00   3.63579E+00
         286   5.02578E-02   5.31755E+00   1.27264E+00   1.12408E+00   2.54459E+00
         287   5.02587E-02   5.17896E+00   1.27423E+00   1.19979E+00   2.50937E+00
         288   5.02596E-02   5.22173E+00   1.30292E+00   1.18860E+00   2.57096E+00
         289   5.02605E-02   5.24763E+00   1.27256E+00   1.04336E+00   2.78631E+00
         290   5.02614E-02   4.62563E+00   1.27221E+00   1.09875E+00   2.11036E+00
         291   5.02623E-02   4.96277E+00   1.27273E+00   1.07915E+00   2.46357E+00
         292   5.02632E-02   4.80283E+00   1.27572E+00   1.10911E+00   2.26502E+00
         293   5.02641E-02   5.11515E+00   1.27258E+00   1.13531E+00   2.47429E+00
         294   5.02650E-02   4.99200E+00   1.28627E+00   1.08750E+00   2.46317E+00
         295   5.02659E-02   5.38183E+00   1.27893E+00   1.22285E+00   2.73286E+00
         296   5.02668E-02   4.74034E+00   1.27234E+00   1.12451E+00   2.19268E+00
         297   5.02677E-02   6.72134E+00   1.27365E+00   1.13495E+00   4.16191E+00
         298   5.02686E-02   5.15574E+00   1.27806E+00   1.30056E+00   2.42500E+00
         299   5.02695E-02   5.03315E+00   1.27614E+00   1.20015E+00   2.36790E+00
         300   5.02704E-02   5.63596E+00   1.27344E+00   1.32554E+00   2.79279E+00
         301   5.02713E-02   4.80674E+00   1.27379E+00   1.06719E+00   2.26795E+00
         302   5.02722E-02   5.16399E+00   1.32021E+00   1.11599E+00   2.55430E+00
         303   5.02731E-02   5.03093E+00   1.27422E+00   1.06580E+00   2.53560E+00
         304   5.02740E-02   4.93526E+00   1.29715E+00   1.04752E+00   2.37418E+00
         305   5.02749E-02   4.86356E+00   1.27143E+00   1.07057E+00   2.36483E+00
         306   5.02758E-02   5.14804E+00   1.33012E+00   1.14611E+00   2.40411E+00
         307   5.02767E-02   5.36853E+00   1.27220E+00   1.03507E+00   2.83060E+00
         308   5.02776E-02   7.08134E+00   1.27446E+00   1.40513E+00   4.25589E+00
         309   5.02785E-02   6.31104E+00   1.28117E+00   1.43564E+00   3.43338E+00
         310   5.02794E-02   5.56250E+00   1.28765E+00   1.16874E+00   2.80582E+00
         311   5.02803E-02   5.15751E+00   1.27882E+00   1.16394E+00   2.46731E+00
         312   5.02812E-02   4.75287E+00   1.27478E+00   1.07613E+00   2.18859E+00
         313   5.02821E-02   4.92625E+00   1.27919E+00   1.09421E+00   2.30948E+00
         314   5.02830E-02   4.72763E+00   1.32255E+00   1.07134E+00   2.18515E+00
         315   5.02839E-02   5.56360E+00   1.27556E+00   1.23203E+00   2.84040E+00
         316   5.02848E-02   4.48307E+00   1.27696E+00   1.10537E+00   1.95565E+00
         317   5.02857E-02   5.36880E+00   1.27410E+00   1.20036E+00   2.71661E+00
         318   5.02866E-02   4.76572E+00   1.27468E+00   1.07135E+00   2.24207E+00
         319   5.02875E-02   5.37438E+00   1.27509E+00   1.14919E+00   2.64535E+00
         320   5.02884E-02   5.69906E+00   1.36040E+00   1.28578E+00   2.81823E+00
         321   5.02893E-02   4.62769E+00   1.27403E+00   1.02571E+00   2.16430E+00
         322   5.02902E-02   6.00953E+00   1.27603E+00   1.40334E+00   3.15646E+00
         323   5.02911E-02   5.10448E+00   1.28117E+00   1.08887E+00   2.44555E+00
         324   5.02920E-02   5.63736E+00   1.27672E+00   1.17189E+00   2.90552E+00
         325   5.02929E-02   4.93120E+00   1.27444E+00   1.06375E+00   2.33196E+00
         326   5.02938E-02   5.07880E+00   1.27781E+00   1.17960E+00   2.41912E+00
         327   5.02947E-02   5.03457E+00   1.27835E+00   1.10098E+00   2.47246E+00
         328   5.02956E-02   4.49447E+00   1.27860E+00   1.02718E+00   2.00749E+00
         329   5.02965E-02   4.76545E+00   1.27958E+00   1.11239E+00   2.18084E+00
         330   5.02974E-02   4.59509E+00   1.27778E+00   1.06364E+00   1.99625E+00
         331   5.02983E-02   7.08339E+00   1.27798E+00   1.49204E+00   4.13505E+00
         332   5.02992E-02   6.03635E+00   1.27665E+00   1.15832E+00   3.36680E+00
         333   5.03001E-02   4.85230E+00   1.28102E+00   1.02315E+00   2.39279E+00
         334   5.03010E-02   5.76540E+00   1.27966E+00   1.19919E+00   3.11001E+00
         335   5.03019E-02   4.59657E+00   1.29235E+00   1.09151E+00   2.06587E+00
         336   5.03028E-02   4.82795E+00   1.27887E+00   1.18449E+00   2.18872E+00
         337   5.03037E-02   4.51118E+00   1.27953E+00   1.11498E+00   1.92564E+00
         338   5.03046E-02   5.29935E+00   1.28264E+00   1.24205E+00   2.60569E+00
         339   5.03055E-02   4.55062E+00   1.28051E+00   1.03534E+00   2.08567E+00
         340   5.03064E-02   5.22584E+00   1.28252E+00   1.19501E+00   2.53023E+00
         341   5.03073E-02   5.07374E+00   1.28387E+00   1.09227E+00   2.48983E+00
         342   5.03082E-02   5.17932E+00   1.28234E+00   1.17809E+00   2.53260E+00
         343   5.03091E-02   5.86961E+00   1.28124E+00   1.42741E+00   2.76753E+00
         344   5.03100E-02   4.73126E+00   1.28301E+00   1.15605E+00   2.12386E+00
         345   5.03109E-02   5.11034E+00   1.28823E+00   1.11206E+00   2.55342E+00
         346   5.03118E-02   4.56654E+00   1.28324E+00   1.11328E+00   1.90500E+00
         347   5.03127E-02   5.24976E+00   1.28415E+00   1.11658E+00   2.61444E+00
         348   5.03136E-02   4.28376E+00   1.28164E+00   1.11973E+00   1.71525E+00
         349   5.03145E-02   5.55911E+00   1.28154E+00   1.26242E+00   2.78373E+00
         350   5.03154E-02   4.49553E+00   1.28725E+00   1.04667E+00   1.99476E+00
         351   5.03163E-02   4.94756E+00   1.27837E+00   1.14120E+00   2.24067E+00
         352   5.03172E-02   4.65588E+00   1.27992E+00   1.08619E+00   2.09660E+00
         353   5.03181E-02   5.11402E+00   1.28704E+00   1.25416E+00   2.35713E+00
         354   5.03190E-02   5.30312E+00   1.28170E+00   1.10954E+00   2.73624E+00
         355   5.03199E-02   5.92304E+00   1.40156E+00   1.28717E+00   2.88194E+00
         356   5.03208E-02   5.75829E+00   1.34876E+00   1.38807E+00   2.87474E+00
         357   5.03217E-02   5.07694E+00   1.28418E+00   1.37963E+00   2.23923E+00
         358   5.03226E-02   5.04431E+00   1.29601E+00   1.11433E+00   2.44841E+00
         359   5.03235E-02   4.86374E+00   1.28433E+00   1.09271E+00   2.25742E+00
         360   5.03244E-02   5.04992E+00   1.28286E+00   1.27239E+00   2.17823E+00
         361   5.03253E-02   5.38802E+00   1.29684E+00   1.16235E+00   2.74197E+00
         362   5.03262E-02   4.68416E+00   1.34120E+00   1.12826E+00   2.02344E+00
         363   5.03271E-02   4.93549E+00   1.28389E+00   1.10741E+00   2.31707E+00
         364   5.03280E-02   5.37469E+00   1.28648E+00   1.04517E+00   2.81784E+00
         365   5.03289E-02   5.35703E+00   1.28792E+00   1.11134E+00   2.81306E+00
         366   5.03298E-02   5.99936E+00   1.28608E+00   1.24891E+00   3.27807E+00
         367   5.03307E-02   5.71182E+00   1.30604E+00   1.19389E+00   2.97516E+00
         368   5.03316E-02   5.76914E+00   1.30865E+00   1.12918E+00   3.14721E+00
         369   5.03325E-02   5.51357E+00   1.28579E+00   1.20940E+00   2.68026E+00
         370   5.03334E-02   5.14878E+00   1.29650E+00   1.11398E+00   2.57467E+00
         371   5.03343E-02   4.85597E+00   1.28485E+00   1.06179E+00   2.34120E+00
         372   5.03352E-02   4.96530E+00   1.28562E+00   1.12011E+00   2.29405E+00
         373   5.03361E-02   4.93818E+00   1.29160E+00   1.18815E+00   2.29395E+00
         374   5.03370E-02   5.12492E+00   1.28667E+00   1.13376E+00   2.49920E+00
         375   5.03379E-02   4.70247E+00   1.28829E+00   1.11935E+00   2.14541E+00
         376   5.03388E-02   5.28578E+00   1.28728E+00   1.14431E+00   2.67248E+00
         377   5.03397E-02   5.81467E+00   1.28740E+00   1.10793E+00   2.83393E+00
         378   5.03406E-02   5.25819E+00   1.29365E+00   1.16599E+00   2.50479E+00
         379   5.03415E-02   4.97555E+00   1.29547E+00   1.31282E+00   2.16171E+00
         380   5.03424E-02   4.87382E+00   1.28901E+00   1.23116E+00   2.17926E+00
         381   5.03433E-02   5.27701E+00   1.28711E+00   1.12081E+00   2.61188E+00
         382   5.03442E-02   4.68670E+00   1.28936E+00   1.09810E+00   2.04878E+00
         383   5.03451E-02   4.79744E+00   1.29338E+00   1.13027E+00   2.15062E+00
         384   5.03460E-02   4.57044E+00   1.28904E+00   1.07137E+00   2.05573E+00
         385   5.03469E-02   4.74061E+00   1.29373E+00   1.16132E+00   2.10537E+00
         386   5.03478E-02   4.33135E+00   1.28616E+00   1.02207E+00   1.83477E+00
         387   5.03487E-02   4.85294E+00   1.30032E+00   1.13328E+00   2.23830E+00
         388   5.03496E-02   4.68828E+00   1.28873E+00   1.06650E+00   2.11256E+00
         389   5.03505E-02   4.86006E+00   1.32726E+00   1.07237E+00   2.27519E+00
         390   5.03514E-02   5.87646E+00   1.28846E+00   1.48061E+00   2.76941E+00
         391   5.03523E-02   4.94340E+00   1.29422E+00   1.11224E+00   2.34131E+00
         392   5.03532E-02   5.79984E+00   1.29146E+00   1.13785E+00   3.05839E+00
         393   5.03541E-02   4.87708E+00   1.29022E+00   1.12575E+00   2.18403E+00
         394   5.03550E-02   5.59146E+00   1.29163E+00   1.26345E+00   2.76134E+00
         395   5.03559E-02   4.32540E+00   1.28682E+00   1.08173E+00   1.79282E+00
         396   5.03568E-02   5.39396E+00   1.29878E+00   1.25430E+00   2.57965E+00
         397   5.03577E-02   4.61869E+00   1.29068E+00   1.05365E+00   2.07344E+00
         398   5.03586E-02   5.33504E+00   1.29135E+00   1.12394E+00   2.58154E+00
         399   5.03595E-02   5.16131E+00   1.28923E+00   1.16043E+00   2.49265E+00
         400   5.03604E-02   4.89850E+00   1.29568E+00   1.11162E+00   2.25832E+00
         401   5.03613E-02   6.78446E+00   1.28734E+00   1.55631E+00   3.79289E+00
         402   5.03622E-02   6.05572E+00   1.28778E+00   1.18618E+00   3.35816E+00
         403   5.03631E-02   5.10830E+00   1.28968E+00   1.02407E+00   2.59242E+00
         404   5.03640E-02   5.12474E+00   1.28769E+00   1.10920E+00   2.51136E+00
         405   5.03649E-02   5.04597E+00   1.29026E+00   1.15218E+00   2.44906E+00
         406   5.03658E-02   4.94656E+00   1.28597E+00   1.19287E+00   2.20525E+00
         407   5.03667E-02   4.64367E+00   1.28727E+00   1.23198E+00   1.95410E+00
         408   5.03676E-02   5.46941E+00   1.28842E+00   1.24907E+00   2.71580E+00
         409   5.03685E-02   4.49580E+00   1.28987E+00   1.07655E+00   1.98489E+00
         410   5.03694E-02   5.14943E+00   1.35193E+00   1.25169E+00   2.35149E+00
         411   5.03703E-02   5.22122E+00   1.29764E+00   1.06305E+00   2.61972E+00
         412   5.03712E-02   4.72039E+00   1.29165E+00   1.09144E+00   2.17738E+00
         413   5.03721E-02   6.15359E+00   1.29026E+00   1.32482E+00   3.08498E+00
         414   5.03730E-02   4.97302E+00   1.29088E+00   1.05789E+00   2.45308E+00
         415   5.03739E-02   6.08656E+00   1.28526E+00   1.18725E+00   3.36239E+00
         416   5.03748E-02   4.52420E+00   1.29086E+00   1.09306E+00   1.98964E+00
         417   5.03757E-02   5.39113E+00   1.30361E+00   1.19317E+00   2.73537E+00
         418   5.03766E-02   4.32390E+00   1.28783E+00   1.06786E+00   1.81524E+00
         419   5.03775E-02   5.34625E+00   1.33968E+00   1.27244E+00   2.50859E+00
         420   5.03784E-02   4.62684E+00   1.28928E+00   1.02656E+00   2.06781E+00
         421   5.03793E-02   5.00918E+00   1.29374E+00   1.10757E+00   2.34866E+00
         422   5.03802E-02   5.32555E+00   1.28732E+00   1.03550E+00   2.71513E+00
         423   5.03811E-02   4.86535E+00   1.29038E+00   1.15018E+00   2.18277E+00
         424   5.03820E-02   6.88853E+00   1.28767E+00   1.70107E+00   3.67398E+00
         425   5.03829E-02   6.12390E+00   1.28797E+00   1.22828E+00   3.44085E+00
         426   5.03838E-02   4.92660E+00   1.29364E+00   1.02566E+00   2.46114E+00
         427   5.03847E-02   5.32681E+00   1.29216E+00   1.23775E+00   2.62392E+00
         428   5.03856E-02   4.64433E+00   1.29247E+00   1.12199E+00   2.06958E+00
         429   5.03865E-02   4.99861E+00   1.29717E+00   1.13739E+00   2.41945E+00
         430   5.03874E-02   4.88763E+00   1.28862E+00   1.02215E+00   2.37244E+00
         431   5.03883E-02   5.06773E+00   1.29208E+00   1.13856E+00   2.32790E+00
         432   5.03892E-02   5.01969E+00   1.28952E+00   1.10277E+00   2.46640E+00
         433   5.03901E-02   4.65408E+00   1.28910E+00   1.15999E+00   2.04425E+00
         434   5.03910E-02   5.94313E+00   1.28898E+00   1.09041E+00   3.39261E+00
         435   5.03919E-02   4.42407E+00   1.29170E+00   1.14097E+00   1.83199E+00
         436   5.03928E-02   6.16746E+00   1.29974E+00   1.40386E+00   3.13120E+00
         437   5.03937E-02   5.70242E+00   1.28955E+00   1.02718E+00   3.11701E+00
         438   5.03946E-02   5.52842E+00   1.30474E+00   1.31588E+00   2.61837E+00
         439   5.03955E-02   5.43695E+00   1.29429E+00   1.16052E+00   2.82154E+00
         440   5.03964E-02   4.92627E+00   1.29299E+00   1.10436E+00   2.28533E+00
         441   5.03973E-02   4.23235E+00   1.29336E+00   1.02286E+00   1.77088E+00
         442   5.03982E-02   5.37175E+00   1.28913E+00   1.07999E+00   2.79044E+00
         443   5.03991E-02   4.34621E+00   1.30066E+00   1.07355E+00   1.80328E+00
         444   5.04000E-02   5.29767E+00   1.28964E+00   1.11672E+00   2.74435E+00
         445   5.04009E-02   4.27936E+00   1.29359E+00   1.10062E+00   1.71434E+00
         446   5.04018E-02   5.72235E+00   1.29654E+00   1.24205E+00   2.95314E+00
         447   5.04027E-02   6.36842E+00   1.29937E+00   1.60393E+00   3.17624E+00
         448   5.04036E-02   6.49884E+00   1.29351E+00   1.14502E+00   3.88230E+00
         449   5.04045E-02   5.02293E+00   1.29107E+00   1.16447E+00   2.38581E+00
         450   5.04054E-02   5.16851E+00   1.29375E+00   1.32023E+00   2.34046E+00
         451   5.04063E-02   4.66339E+00   1.29100E+00   1.15692E+00   2.02081E+00
         452   5.04072E-02   5.17723E+00   1.29418E+00   1.20113E+00   2.43853E+00
         453   5.04081E-02   4.56983E+00   1.29196E+00   1.06858E+00   2.05450E+00
         454   5.04090E-02   5.11523E+00   1.29409E+00   1.18868E+00   2.48469E+00
         455   5.04099E-02   4.75451E+00   1.29314E+00   1.02460E+00   2.24877E+00
         456   5.04108E-02   5.08253E+00   1.29286E+00   1.27041E+00   2.27298E+00
         457   5.04117E-02   5.18255E+00   1.29266E+00   1.07809E+00   2.65580E+00
         458   5.04126E-02   5.08660E+00   1.34361E+00   1.17861E+00   2.30731E+00
         459   5.04135E-02   6.12290E+00   1.29303E+00   1.32295E+00   3.21145E+00
         460   5.04144E-02   4.86742E+00   1.29306E+00   1.06125E+00   2.28396E+00
         461   5.04153E-02   6.05088E+00   1.29393E+00   1.09695E+00   3.35232E+00
         462   5.04162E-02   4.89530E+00   1.29047E+00   1.12778E+00   2.26132E+00
         463   5.04171E-02   5.42939E+00   1.29116E+00   1.12495E+00   2.75589E+00
         464   5.04180E-02   4.92779E+00   1.29688E+00   1.07166E+00   2.33541E+00
         465   5.04189E-02   4.93929E+00   1.29339E+00   1.11060E+00   2.27847E+00
         466   5.04198E-02   5.32633E+00   1.30855E+00   1.25332E+00   2.58026E+00
         467   5.04207E-02   4.89007E+00   1.31763E+00   1.14473E+00   2.28211E+00
         468   5.04216E-02   5.04006E+00   1.29656E+00   1.09144E+00   2.43664E+00
         469   5.04225E-02   5.18979E+00   1.29424E+00   1.09024E+00   2.48298E+00
         470   5.04234E-02   6.26513E+00   1.38723E+00   1.24939E+00   3.47951E+00
         471   5.04243E-02   6.34641E+00   1.29366E+00   1.11113E+00   3.74654E+00
         472   5.04252E-02   5.20880E+00   1.29408E+00   1.04442E+00   2.64808E+00
         473   5.04261E-02   4.92964E+00   1.29381E+00   1.14261E+00   2.34730E+00
         474   5.04270E-02   5.16403E+00   1.29012E+00   1.12915E+00   2.59454E+00
         475   5.04279E-02   4.82780E+00   1.29261E+00   1.13855E+00   2.23026E+00
         476   5.04288E-02   4.78659E+00   1.29076E+00   1.04836E+00   2.17415E+00
         477   5.04297E-02   5.03015E+00   1.29016E+00   1.11587E+00   2.43898E+00
         478   5.04306E-02   4.71122E+00   1.28739E+00   1.07516E+00   2.16282E+00
         479   5.04315E-02   5.19664E+00   1.29722E+00   1.09042E+00   2.62297E+00
         480   5.04324E-02   4.79039E+00   1.29051E+00   1.06620E+00   2.18004E+00
         481   5.04333E-02   5.39227E+00   1.28981E+00   1.17962E+00   2.72772E+00
         482   5.04342E-02   5.60202E+00   1.28986E+00   1.20872E+00   2.78342E+00
         483   5.04351E-02   5.21887E+00   1.29213E+00   1.15010E+00   2.55005E+00
         484   5.04360E-02   5.97713E+00   1.29777E+00   1.32263E+00   3.16437E+00
         485   5.04369E-02   4.43288E+00   1.28943E+00   1.03718E+00   1.95798E+00
         486   5.04378E-02   5.43415E+00   1.29147E+00   1.21477E+00   2.77038E+00
         487   5.04387E-02   4.62991E+00   1.29881E+00   1.02665E+00   2.09984E+00
         488   5.04396E-02   5.12210E+00   1.29043E+00   1.13248E+00   2.48585E+00
         489   5.04405E-02   4.96088E+00   1.29146E+00   1.04974E+00   2.37142E+00
         490   5.04414E-02   5.04115E+00   1.29116E+00   1.03824E+00   2.52025E+00
         491   5.04423E-02   4.76141E+00   1.29156E+00   1.07865E+00   2.15884E+00
         492   5.04432E-02   5.32420E+00   1.29094E+00   1.15063E+00   2.71653E+00
         493   5.04441E-02   6.32946E+00   1.39878E+00   1.22636E+00   3.44704E+00
         494   5.04450E-02   6.60124E+00   1.29390E+00   1.23139E+00   3.86648E+00
         495   5.04459E-02   5.16141E+00   1.29452E+00   1.10595E+00   2.43859E+00
         496   5.04468E-02   4.65050E+00   1.29277E+00   1.10522E+00   2.08767E+00
         497   5.04477E-02   4.43878E+00   1.29187E+00   1.02381E+00   1.97364E+00
         498   5.04486E-02   5.00205E+00   1.30205E+00   1.15744E+00   2.29431E+00
         499   5.04495E-02   4.53257E+00   1.29195E+00   1.02400E+00   2.04945E+00
         500   5.04504E-02   5.23195E+00   1.29154E+00   1.08663E+00   2.70918E+00
         501   5.04513E-02   4.57475E+00   1.30269E+00   1.03174E+00   2.08244E+00
         502   5.04522E-02   5.09435E+00   1.29033E+00   1.09179E+00   2.51308E+00
         503   5.04531E-02   4.88463E+00   1.29521E+00   1.06020E+00   2.35533E+00
         504   5.04540E-02   6.69325E+00   1.29852E+00   1.15864E+00   3.77150E+00
         505   5.04549E-02   5.82557E+00   1.29628E+00   1.30762E+00   2.94246E+00
         506   5.04558E-02   4.86044E+00   1.29657E+00   1.08956E+00   2.24994E+00
         507   5.04567E-02   5.58500E+00   1.29534E+00   1.21483E+00   2.74704E+00
         508   5.04576E-02   4.78112E+00   1.31466E+00   1.18444E+00   2.12596E+00
         509   5.04585E-02   5.37877E+00   1.29509E+00   1.21539E+00   2.69870E+00
         510   5.04594E-02   4.53194E+00   1.29555E+00   1.11467E+00   1.96042E+00
         511   5.04603E-02   4.71095E+00   1.29584E+00   1.05476E+00   2.17848E+00
         512   5.04612E-02   4.77387E+00   1.29525E+00   1.10768E+00   2.17250E+00
         513   5.04621E-02   4.89373E+00   1.34229E+00   1.05910E+00   2.32864E+00
         514   5.04630E-02   4.89258E+00   1.29388E+00   1.02557E+00   2.33658E+00
         515   5.04639E-02   5.19022E+00   1.35542E+00   1.12903E+00   2.42276E+00
         516   5.04648E-02   6.89986E+00   1.30595E+00   1.68418E+00   3.47357E+00
         517   5.04657E-02   6.86938E+00   1.29671E+00   1.11416E+00   4.17811E+00
         518   5.04666E-02   5.11104E+00   1.29750E+00   1.10555E+00   2.55735E+00
         519   5.04675E-02   5.05905E+00   1.29683E+00   1.09025E+00   2.28315E+00
         520   5.04684E-02   4.77532E+00   1.29424E+00   1.03624E+00   2.26359E+00
         521   5.04693E-02   4.90576E+00   1.34462E+00   1.10483E+00   2.24451E+00
         522   5.04702E-02   5.26160E+00   1.32203E+00   1.11202E+00   2.68110E+00
         523   5.04711E-02   5.09375E+00   1.29648E+00   1.09520E+00   2.53098E+00
         524   5.04720E-02   5.22820E+00   1.30106E+00   1.10879E+00   2.47446E+00
         525   5.04729E-02   4.80588E+00   1.29533E+00   1.15716E+00   2.20813E+00
         526   5.04738E-02   5.41422E+00   1.29410E+00   1.17014E+00   2.74961E+00
         527   5.04747E-02   6.80687E+00   1.29764E+00   1.62955E+00   3.61316E+00
         528   5.04756E-02   5.72301E+00   1.30487E+00   1.14735E+00   3.07645E+00
         529   5.04765E-02   5.79275E+00   1.30558E+00   1.31826E+00   2.97474E+00
         530   5.04774E-02   5.12967E+00   1.29193E+00   1.21435E+00   2.44264E+00
